cut_off: 1.1
Cantidad Iones: 1000
Cantidad Electrones: 1000
Cantidad correcta de electrones: true
Cantidad correcta de iones: true

Hay problemas con los vecinos
Nombre:	Carga:	Norma Spin:	x:	y:	z:	Cantidad nbh:
Ión	1	1	0	0	0	22
Ión	1	1	0	0	1	37
Ión	1	1	0	0	2	44
Ión	1	1	0	0	3	39
Ión	1	1	0	0	4	32
Ión	1	1	0	0	5	31
Ión	1	1	0	0	6	36
Ión	1	1	0	0	7	39
Ión	1	1	0	0	8	38
Ión	1	1	0	0	9	29
Ión	1	1	0	1	0	22
Ión	1	1	0	1	1	31
Ión	1	1	0	1	2	35
Ión	1	1	0	1	3	40
Ión	1	1	0	1	4	31
Ión	1	1	0	1	5	34
Ión	1	1	0	1	6	36
Ión	1	1	0	1	7	41
Ión	1	1	0	1	8	44
Ión	1	1	0	1	9	34
Ión	1	1	0	2	0	14
Ión	1	1	0	2	1	30
Ión	1	1	0	2	2	38
Ión	1	1	0	2	3	46
Ión	1	1	0	2	4	46
Ión	1	1	0	2	5	43
Ión	1	1	0	2	6	43
Ión	1	1	0	2	7	41
Ión	1	1	0	2	8	42
Ión	1	1	0	2	9	38
Ión	1	1	0	3	0	21
Ión	1	1	0	3	1	33
Ión	1	1	0	3	2	41
Ión	1	1	0	3	3	45
Ión	1	1	0	3	4	44
Ión	1	1	0	3	5	47
Ión	1	1	0	3	6	50
Ión	1	1	0	3	7	46
Ión	1	1	0	3	8	53
Ión	1	1	0	3	9	47
Ión	1	1	0	4	0	22
Ión	1	1	0	4	1	34
Ión	1	1	0	4	2	42
Ión	1	1	0	4	3	46
Ión	1	1	0	4	4	44
Ión	1	1	0	4	5	45
Ión	1	1	0	4	6	47
Ión	1	1	0	4	7	50
Ión	1	1	0	4	8	53
Ión	1	1	0	4	9	46
Ión	1	1	0	5	0	19
Ión	1	1	0	5	1	32
Ión	1	1	0	5	2	34
Ión	1	1	0	5	3	39
Ión	1	1	0	5	4	48
Ión	1	1	0	5	5	44
Ión	1	1	0	5	6	41
Ión	1	1	0	5	7	51
Ión	1	1	0	5	8	48
Ión	1	1	0	5	9	41
Ión	1	1	0	6	0	22
Ión	1	1	0	6	1	32
Ión	1	1	0	6	2	31
Ión	1	1	0	6	3	30
Ión	1	1	0	6	4	30
Ión	1	1	0	6	5	39
Ión	1	1	0	6	6	45
Ión	1	1	0	6	7	41
Ión	1	1	0	6	8	47
Ión	1	1	0	6	9	41
Ión	1	1	0	7	0	18
Ión	1	1	0	7	1	35
Ión	1	1	0	7	2	39
Ión	1	1	0	7	3	33
Ión	1	1	0	7	4	32
Ión	1	1	0	7	5	42
Ión	1	1	0	7	6	46
Ión	1	1	0	7	7	42
Ión	1	1	0	7	8	40
Ión	1	1	0	7	9	32
Ión	1	1	0	8	0	20
Ión	1	1	0	8	1	35
Ión	1	1	0	8	2	38
Ión	1	1	0	8	3	33
Ión	1	1	0	8	4	40
Ión	1	1	0	8	5	46
Ión	1	1	0	8	6	41
Ión	1	1	0	8	7	43
Ión	1	1	0	8	8	40
Ión	1	1	0	8	9	31
Ión	1	1	0	9	0	19
Ión	1	1	0	9	1	32
Ión	1	1	0	9	2	39
Ión	1	1	0	9	3	33
Ión	1	1	0	9	4	32
Ión	1	1	0	9	5	33
Ión	1	1	0	9	6	36
Ión	1	1	0	9	7	31
Ión	1	1	0	9	8	30
Ión	1	1	0	9	9	26
Ión	1	1	1	0	0	20
Ión	1	1	1	0	1	34
Ión	1	1	1	0	2	42
Ión	1	1	1	0	3	40
Ión	1	1	1	0	4	35
Ión	1	1	1	0	5	28
Ión	1	1	1	0	6	40
Ión	1	1	1	0	7	38
Ión	1	1	1	0	8	31
Ión	1	1	1	0	9	33
Ión	1	1	1	1	0	20
Ión	1	1	1	1	1	34
Ión	1	1	1	1	2	42
Ión	1	1	1	1	3	45
Ión	1	1	1	1	4	38
Ión	1	1	1	1	5	36
Ión	1	1	1	1	6	37
Ión	1	1	1	1	7	35
Ión	1	1	1	1	8	35
Ión	1	1	1	1	9	31
Ión	1	1	1	2	0	19
Ión	1	1	1	2	1	37
Ión	1	1	1	2	2	38
Ión	1	1	1	2	3	36
Ión	1	1	1	2	4	43
Ión	1	1	1	2	5	42
Ión	1	1	1	2	6	38
Ión	1	1	1	2	7	42
Ión	1	1	1	2	8	45
Ión	1	1	1	2	9	32
Ión	1	1	1	3	0	20
Ión	1	1	1	3	1	32
Ión	1	1	1	3	2	42
Ión	1	1	1	3	3	43
Ión	1	1	1	3	4	47
Ión	1	1	1	3	5	49
Ión	1	1	1	3	6	46
Ión	1	1	1	3	7	46
Ión	1	1	1	3	8	45
Ión	1	1	1	3	9	36
Ión	1	1	1	4	0	23
Ión	1	1	1	4	1	35
Ión	1	1	1	4	2	41
Ión	1	1	1	4	3	47
Ión	1	1	1	4	4	47
Ión	1	1	1	4	5	49
Ión	1	1	1	4	6	46
Ión	1	1	1	4	7	44
Ión	1	1	1	4	8	45
Ión	1	1	1	4	9	38
Ión	1	1	1	5	0	19
Ión	1	1	1	5	1	34
Ión	1	1	1	5	2	40
Ión	1	1	1	5	3	36
Ión	1	1	1	5	4	43
Ión	1	1	1	5	5	44
Ión	1	1	1	5	6	43
Ión	1	1	1	5	7	48
Ión	1	1	1	5	8	50
Ión	1	1	1	5	9	37
Ión	1	1	1	6	0	18
Ión	1	1	1	6	1	29
Ión	1	1	1	6	2	34
Ión	1	1	1	6	3	32
Ión	1	1	1	6	4	42
Ión	1	1	1	6	5	44
Ión	1	1	1	6	6	50
Ión	1	1	1	6	7	46
Ión	1	1	1	6	8	40
Ión	1	1	1	6	9	35
Ión	1	1	1	7	0	21
Ión	1	1	1	7	1	30
Ión	1	1	1	7	2	27
Ión	1	1	1	7	3	33
Ión	1	1	1	7	4	43
Ión	1	1	1	7	5	46
Ión	1	1	1	7	6	55
Ión	1	1	1	7	7	46
Ión	1	1	1	7	8	33
Ión	1	1	1	7	9	30
Ión	1	1	1	8	0	23
Ión	1	1	1	8	1	38
Ión	1	1	1	8	2	41
Ión	1	1	1	8	3	40
Ión	1	1	1	8	4	43
Ión	1	1	1	8	5	51
Ión	1	1	1	8	6	47
Ión	1	1	1	8	7	45
Ión	1	1	1	8	8	36
Ión	1	1	1	8	9	23
Ión	1	1	1	9	0	20
Ión	1	1	1	9	1	36
Ión	1	1	1	9	2	39
Ión	1	1	1	9	3	33
Ión	1	1	1	9	4	33
Ión	1	1	1	9	5	34
Ión	1	1	1	9	6	37
Ión	1	1	1	9	7	36
Ión	1	1	1	9	8	28
Ión	1	1	1	9	9	22
Ión	1	1	2	0	0	22
Ión	1	1	2	0	1	40
Ión	1	1	2	0	2	42
Ión	1	1	2	0	3	38
Ión	1	1	2	0	4	34
Ión	1	1	2	0	5	35
Ión	1	1	2	0	6	37
Ión	1	1	2	0	7	36
Ión	1	1	2	0	8	41
Ión	1	1	2	0	9	33
Ión	1	1	2	1	0	22
Ión	1	1	2	1	1	36
Ión	1	1	2	1	2	37
Ión	1	1	2	1	3	37
Ión	1	1	2	1	4	39
Ión	1	1	2	1	5	35
Ión	1	1	2	1	6	37
Ión	1	1	2	1	7	44
Ión	1	1	2	1	8	38
Ión	1	1	2	1	9	32
Ión	1	1	2	2	0	21
Ión	1	1	2	2	1	36
Ión	1	1	2	2	2	40
Ión	1	1	2	2	3	36
Ión	1	1	2	2	4	35
Ión	1	1	2	2	5	35
Ión	1	1	2	2	6	38
Ión	1	1	2	2	7	42
Ión	1	1	2	2	8	38
Ión	1	1	2	2	9	32
Ión	1	1	2	3	0	21
Ión	1	1	2	3	1	31
Ión	1	1	2	3	2	41
Ión	1	1	2	3	3	46
Ión	1	1	2	3	4	38
Ión	1	1	2	3	5	36
Ión	1	1	2	3	6	36
Ión	1	1	2	3	7	36
Ión	1	1	2	3	8	37
Ión	1	1	2	3	9	32
Ión	1	1	2	4	0	21
Ión	1	1	2	4	1	34
Ión	1	1	2	4	2	38
Ión	1	1	2	4	3	42
Ión	1	1	2	4	4	46
Ión	1	1	2	4	5	40
Ión	1	1	2	4	6	37
Ión	1	1	2	4	7	42
Ión	1	1	2	4	8	37
Ión	1	1	2	4	9	28
Ión	1	1	2	5	0	19
Ión	1	1	2	5	1	35
Ión	1	1	2	5	2	39
Ión	1	1	2	5	3	38
Ión	1	1	2	5	4	40
Ión	1	1	2	5	5	45
Ión	1	1	2	5	6	47
Ión	1	1	2	5	7	35
Ión	1	1	2	5	8	34
Ión	1	1	2	5	9	29
Ión	1	1	2	6	0	18
Ión	1	1	2	6	1	30
Ión	1	1	2	6	2	35
Ión	1	1	2	6	3	38
Ión	1	1	2	6	4	44
Ión	1	1	2	6	5	55
Ión	1	1	2	6	6	53
Ión	1	1	2	6	7	39
Ión	1	1	2	6	8	33
Ión	1	1	2	6	9	27
Ión	1	1	2	7	0	21
Ión	1	1	2	7	1	34
Ión	1	1	2	7	2	37
Ión	1	1	2	7	3	39
Ión	1	1	2	7	4	47
Ión	1	1	2	7	5	54
Ión	1	1	2	7	6	54
Ión	1	1	2	7	7	47
Ión	1	1	2	7	8	37
Ión	1	1	2	7	9	26
Ión	1	1	2	8	0	21
Ión	1	1	2	8	1	31
Ión	1	1	2	8	2	41
Ión	1	1	2	8	3	47
Ión	1	1	2	8	4	45
Ión	1	1	2	8	5	47
Ión	1	1	2	8	6	52
Ión	1	1	2	8	7	42
Ión	1	1	2	8	8	30
Ión	1	1	2	8	9	26
Ión	1	1	2	9	0	17
Ión	1	1	2	9	1	29
Ión	1	1	2	9	2	36
Ión	1	1	2	9	3	36
Ión	1	1	2	9	4	36
Ión	1	1	2	9	5	39
Ión	1	1	2	9	6	39
Ión	1	1	2	9	7	34
Ión	1	1	2	9	8	28
Ión	1	1	2	9	9	21
Ión	1	1	3	0	0	22
Ión	1	1	3	0	1	35
Ión	1	1	3	0	2	37
Ión	1	1	3	0	3	36
Ión	1	1	3	0	4	40
Ión	1	1	3	0	5	42
Ión	1	1	3	0	6	36
Ión	1	1	3	0	7	41
Ión	1	1	3	0	8	46
Ión	1	1	3	0	9	36
Ión	1	1	3	1	0	25
Ión	1	1	3	1	1	36
Ión	1	1	3	1	2	37
Ión	1	1	3	1	3	34
Ión	1	1	3	1	4	34
Ión	1	1	3	1	5	38
Ión	1	1	3	1	6	41
Ión	1	1	3	1	7	48
Ión	1	1	3	1	8	48
Ión	1	1	3	1	9	39
Ión	1	1	3	2	0	23
Ión	1	1	3	2	1	36
Ión	1	1	3	2	2	38
Ión	1	1	3	2	3	38
Ión	1	1	3	2	4	32
Ión	1	1	3	2	5	35
Ión	1	1	3	2	6	45
Ión	1	1	3	2	7	44
Ión	1	1	3	2	8	44
Ión	1	1	3	2	9	40
Ión	1	1	3	3	0	24
Ión	1	1	3	3	1	38
Ión	1	1	3	3	2	39
Ión	1	1	3	3	3	36
Ión	1	1	3	3	4	30
Ión	1	1	3	3	5	29
Ión	1	1	3	3	6	35
Ión	1	1	3	3	7	38
Ión	1	1	3	3	8	39
Ión	1	1	3	3	9	32
Ión	1	1	3	4	0	21
Ión	1	1	3	4	1	33
Ión	1	1	3	4	2	38
Ión	1	1	3	4	3	37
Ión	1	1	3	4	4	35
Ión	1	1	3	4	5	34
Ión	1	1	3	4	6	33
Ión	1	1	3	4	7	34
Ión	1	1	3	4	8	31
Ión	1	1	3	4	9	22
Ión	1	1	3	5	0	18
Ión	1	1	3	5	1	29
Ión	1	1	3	5	2	35
Ión	1	1	3	5	3	43
Ión	1	1	3	5	4	43
Ión	1	1	3	5	5	41
Ión	1	1	3	5	6	43
Ión	1	1	3	5	7	34
Ión	1	1	3	5	8	27
Ión	1	1	3	5	9	23
Ión	1	1	3	6	0	19
Ión	1	1	3	6	1	31
Ión	1	1	3	6	2	36
Ión	1	1	3	6	3	42
Ión	1	1	3	6	4	40
Ión	1	1	3	6	5	48
Ión	1	1	3	6	6	53
Ión	1	1	3	6	7	40
Ión	1	1	3	6	8	32
Ión	1	1	3	6	9	25
Ión	1	1	3	7	0	19
Ión	1	1	3	7	1	34
Ión	1	1	3	7	2	42
Ión	1	1	3	7	3	40
Ión	1	1	3	7	4	42
Ión	1	1	3	7	5	57
Ión	1	1	3	7	6	49
Ión	1	1	3	7	7	38
Ión	1	1	3	7	8	37
Ión	1	1	3	7	9	27
Ión	1	1	3	8	0	20
Ión	1	1	3	8	1	32
Ión	1	1	3	8	2	39
Ión	1	1	3	8	3	41
Ión	1	1	3	8	4	43
Ión	1	1	3	8	5	49
Ión	1	1	3	8	6	48
Ión	1	1	3	8	7	39
Ión	1	1	3	8	8	33
Ión	1	1	3	8	9	30
Ión	1	1	3	9	0	17
Ión	1	1	3	9	1	25
Ión	1	1	3	9	2	30
Ión	1	1	3	9	3	37
Ión	1	1	3	9	4	38
Ión	1	1	3	9	5	39
Ión	1	1	3	9	6	39
Ión	1	1	3	9	7	33
Ión	1	1	3	9	8	29
Ión	1	1	3	9	9	24
Ión	1	1	4	0	0	15
Ión	1	1	4	0	1	26
Ión	1	1	4	0	2	36
Ión	1	1	4	0	3	40
Ión	1	1	4	0	4	41
Ión	1	1	4	0	5	40
Ión	1	1	4	0	6	48
Ión	1	1	4	0	7	44
Ión	1	1	4	0	8	36
Ión	1	1	4	0	9	41
Ión	1	1	4	1	0	24
Ión	1	1	4	1	1	38
Ión	1	1	4	1	2	39
Ión	1	1	4	1	3	43
Ión	1	1	4	1	4	42
Ión	1	1	4	1	5	42
Ión	1	1	4	1	6	50
Ión	1	1	4	1	7	46
Ión	1	1	4	1	8	47
Ión	1	1	4	1	9	44
Ión	1	1	4	2	0	23
Ión	1	1	4	2	1	41
Ión	1	1	4	2	2	43
Ión	1	1	4	2	3	36
Ión	1	1	4	2	4	36
Ión	1	1	4	2	5	40
Ión	1	1	4	2	6	46
Ión	1	1	4	2	7	49
Ión	1	1	4	2	8	50
Ión	1	1	4	2	9	39
Ión	1	1	4	3	0	19
Ión	1	1	4	3	1	35
Ión	1	1	4	3	2	40
Ión	1	1	4	3	3	30
Ión	1	1	4	3	4	34
Ión	1	1	4	3	5	37
Ión	1	1	4	3	6	40
Ión	1	1	4	3	7	43
Ión	1	1	4	3	8	39
Ión	1	1	4	3	9	31
Ión	1	1	4	4	0	23
Ión	1	1	4	4	1	33
Ión	1	1	4	4	2	35
Ión	1	1	4	4	3	37
Ión	1	1	4	4	4	31
Ión	1	1	4	4	5	35
Ión	1	1	4	4	6	37
Ión	1	1	4	4	7	29
Ión	1	1	4	4	8	32
Ión	1	1	4	4	9	29
Ión	1	1	4	5	0	19
Ión	1	1	4	5	1	31
Ión	1	1	4	5	2	40
Ión	1	1	4	5	3	39
Ión	1	1	4	5	4	37
Ión	1	1	4	5	5	42
Ión	1	1	4	5	6	41
Ión	1	1	4	5	7	40
Ión	1	1	4	5	8	31
Ión	1	1	4	5	9	23
Ión	1	1	4	6	0	15
Ión	1	1	4	6	1	28
Ión	1	1	4	6	2	39
Ión	1	1	4	6	3	37
Ión	1	1	4	6	4	43
Ión	1	1	4	6	5	47
Ión	1	1	4	6	6	46
Ión	1	1	4	6	7	47
Ión	1	1	4	6	8	33
Ión	1	1	4	6	9	25
Ión	1	1	4	7	0	19
Ión	1	1	4	7	1	28
Ión	1	1	4	7	2	29
Ión	1	1	4	7	3	39
Ión	1	1	4	7	4	39
Ión	1	1	4	7	5	42
Ión	1	1	4	7	6	53
Ión	1	1	4	7	7	43
Ión	1	1	4	7	8	37
Ión	1	1	4	7	9	36
Ión	1	1	4	8	0	19
Ión	1	1	4	8	1	32
Ión	1	1	4	8	2	32
Ión	1	1	4	8	3	35
Ión	1	1	4	8	4	39
Ión	1	1	4	8	5	44
Ión	1	1	4	8	6	44
Ión	1	1	4	8	7	40
Ión	1	1	4	8	8	43
Ión	1	1	4	8	9	35
Ión	1	1	4	9	0	11
Ión	1	1	4	9	1	22
Ión	1	1	4	9	2	32
Ión	1	1	4	9	3	31
Ión	1	1	4	9	4	32
Ión	1	1	4	9	5	35
Ión	1	1	4	9	6	31
Ión	1	1	4	9	7	31
Ión	1	1	4	9	8	33
Ión	1	1	4	9	9	29
Ión	1	1	5	0	0	21
Ión	1	1	5	0	1	30
Ión	1	1	5	0	2	33
Ión	1	1	5	0	3	42
Ión	1	1	5	0	4	36
Ión	1	1	5	0	5	36
Ión	1	1	5	0	6	44
Ión	1	1	5	0	7	36
Ión	1	1	5	0	8	34
Ión	1	1	5	0	9	33
Ión	1	1	5	1	0	21
Ión	1	1	5	1	1	32
Ión	1	1	5	1	2	39
Ión	1	1	5	1	3	46
Ión	1	1	5	1	4	43
Ión	1	1	5	1	5	43
Ión	1	1	5	1	6	43
Ión	1	1	5	1	7	40
Ión	1	1	5	1	8	42
Ión	1	1	5	1	9	35
Ión	1	1	5	2	0	24
Ión	1	1	5	2	1	39
Ión	1	1	5	2	2	42
Ión	1	1	5	2	3	41
Ión	1	1	5	2	4	43
Ión	1	1	5	2	5	44
Ión	1	1	5	2	6	40
Ión	1	1	5	2	7	41
Ión	1	1	5	2	8	39
Ión	1	1	5	2	9	32
Ión	1	1	5	3	0	21
Ión	1	1	5	3	1	34
Ión	1	1	5	3	2	36
Ión	1	1	5	3	3	34
Ión	1	1	5	3	4	30
Ión	1	1	5	3	5	31
Ión	1	1	5	3	6	42
Ión	1	1	5	3	7	41
Ión	1	1	5	3	8	34
Ión	1	1	5	3	9	31
Ión	1	1	5	4	0	15
Ión	1	1	5	4	1	26
Ión	1	1	5	4	2	36
Ión	1	1	5	4	3	38
Ión	1	1	5	4	4	30
Ión	1	1	5	4	5	32
Ión	1	1	5	4	6	40
Ión	1	1	5	4	7	33
Ión	1	1	5	4	8	33
Ión	1	1	5	4	9	27
Ión	1	1	5	5	0	17
Ión	1	1	5	5	1	30
Ión	1	1	5	5	2	33
Ión	1	1	5	5	3	34
Ión	1	1	5	5	4	37
Ión	1	1	5	5	5	43
Ión	1	1	5	5	6	47
Ión	1	1	5	5	7	40
Ión	1	1	5	5	8	28
Ión	1	1	5	5	9	22
Ión	1	1	5	6	0	17
Ión	1	1	5	6	1	30
Ión	1	1	5	6	2	33
Ión	1	1	5	6	3	29
Ión	1	1	5	6	4	39
Ión	1	1	5	6	5	48
Ión	1	1	5	6	6	53
Ión	1	1	5	6	7	47
Ión	1	1	5	6	8	37
Ión	1	1	5	6	9	32
Ión	1	1	5	7	0	17
Ión	1	1	5	7	1	27
Ión	1	1	5	7	2	33
Ión	1	1	5	7	3	33
Ión	1	1	5	7	4	35
Ión	1	1	5	7	5	43
Ión	1	1	5	7	6	48
Ión	1	1	5	7	7	45
Ión	1	1	5	7	8	45
Ión	1	1	5	7	9	40
Ión	1	1	5	8	0	14
Ión	1	1	5	8	1	23
Ión	1	1	5	8	2	29
Ión	1	1	5	8	3	33
Ión	1	1	5	8	4	34
Ión	1	1	5	8	5	36
Ión	1	1	5	8	6	37
Ión	1	1	5	8	7	43
Ión	1	1	5	8	8	46
Ión	1	1	5	8	9	45
Ión	1	1	5	9	0	13
Ión	1	1	5	9	1	19
Ión	1	1	5	9	2	25
Ión	1	1	5	9	3	31
Ión	1	1	5	9	4	29
Ión	1	1	5	9	5	28
Ión	1	1	5	9	6	31
Ión	1	1	5	9	7	32
Ión	1	1	5	9	8	37
Ión	1	1	5	9	9	36
Ión	1	1	6	0	0	19
Ión	1	1	6	0	1	31
Ión	1	1	6	0	2	34
Ión	1	1	6	0	3	35
Ión	1	1	6	0	4	39
Ión	1	1	6	0	5	35
Ión	1	1	6	0	6	31
Ión	1	1	6	0	7	28
Ión	1	1	6	0	8	33
Ión	1	1	6	0	9	33
Ión	1	1	6	1	0	21
Ión	1	1	6	1	1	38
Ión	1	1	6	1	2	43
Ión	1	1	6	1	3	35
Ión	1	1	6	1	4	36
Ión	1	1	6	1	5	37
Ión	1	1	6	1	6	34
Ión	1	1	6	1	7	33
Ión	1	1	6	1	8	27
Ión	1	1	6	1	9	27
Ión	1	1	6	2	0	18
Ión	1	1	6	2	1	31
Ión	1	1	6	2	2	37
Ión	1	1	6	2	3	36
Ión	1	1	6	2	4	37
Ión	1	1	6	2	5	38
Ión	1	1	6	2	6	39
Ión	1	1	6	2	7	35
Ión	1	1	6	2	8	29
Ión	1	1	6	2	9	29
Ión	1	1	6	3	0	20
Ión	1	1	6	3	1	30
Ión	1	1	6	3	2	34
Ión	1	1	6	3	3	38
Ión	1	1	6	3	4	29
Ión	1	1	6	3	5	25
Ión	1	1	6	3	6	35
Ión	1	1	6	3	7	33
Ión	1	1	6	3	8	27
Ión	1	1	6	3	9	26
Ión	1	1	6	4	0	18
Ión	1	1	6	4	1	31
Ión	1	1	6	4	2	35
Ión	1	1	6	4	3	33
Ión	1	1	6	4	4	29
Ión	1	1	6	4	5	29
Ión	1	1	6	4	6	35
Ión	1	1	6	4	7	34
Ión	1	1	6	4	8	26
Ión	1	1	6	4	9	18
Ión	1	1	6	5	0	19
Ión	1	1	6	5	1	32
Ión	1	1	6	5	2	32
Ión	1	1	6	5	3	35
Ión	1	1	6	5	4	40
Ión	1	1	6	5	5	41
Ión	1	1	6	5	6	43
Ión	1	1	6	5	7	34
Ión	1	1	6	5	8	27
Ión	1	1	6	5	9	24
Ión	1	1	6	6	0	19
Ión	1	1	6	6	1	30
Ión	1	1	6	6	2	34
Ión	1	1	6	6	3	36
Ión	1	1	6	6	4	38
Ión	1	1	6	6	5	41
Ión	1	1	6	6	6	48
Ión	1	1	6	6	7	38
Ión	1	1	6	6	8	36
Ión	1	1	6	6	9	33
Ión	1	1	6	7	0	17
Ión	1	1	6	7	1	24
Ión	1	1	6	7	2	33
Ión	1	1	6	7	3	29
Ión	1	1	6	7	4	33
Ión	1	1	6	7	5	39
Ión	1	1	6	7	6	42
Ión	1	1	6	7	7	47
Ión	1	1	6	7	8	41
Ión	1	1	6	7	9	38
Ión	1	1	6	8	0	19
Ión	1	1	6	8	1	27
Ión	1	1	6	8	2	31
Ión	1	1	6	8	3	32
Ión	1	1	6	8	4	30
Ión	1	1	6	8	5	35
Ión	1	1	6	8	6	36
Ión	1	1	6	8	7	43
Ión	1	1	6	8	8	40
Ión	1	1	6	8	9	42
Ión	1	1	6	9	0	15
Ión	1	1	6	9	1	23
Ión	1	1	6	9	2	25
Ión	1	1	6	9	3	31
Ión	1	1	6	9	4	31
Ión	1	1	6	9	5	31
Ión	1	1	6	9	6	31
Ión	1	1	6	9	7	29
Ión	1	1	6	9	8	38
Ión	1	1	6	9	9	34
Ión	1	1	7	0	0	17
Ión	1	1	7	0	1	32
Ión	1	1	7	0	2	36
Ión	1	1	7	0	3	34
Ión	1	1	7	0	4	36
Ión	1	1	7	0	5	30
Ión	1	1	7	0	6	34
Ión	1	1	7	0	7	33
Ión	1	1	7	0	8	27
Ión	1	1	7	0	9	32
Ión	1	1	7	1	0	21
Ión	1	1	7	1	1	32
Ión	1	1	7	1	2	37
Ión	1	1	7	1	3	36
Ión	1	1	7	1	4	33
Ión	1	1	7	1	5	35
Ión	1	1	7	1	6	37
Ión	1	1	7	1	7	35
Ión	1	1	7	1	8	29
Ión	1	1	7	1	9	29
Ión	1	1	7	2	0	17
Ión	1	1	7	2	1	34
Ión	1	1	7	2	2	40
Ión	1	1	7	2	3	36
Ión	1	1	7	2	4	34
Ión	1	1	7	2	5	34
Ión	1	1	7	2	6	34
Ión	1	1	7	2	7	32
Ión	1	1	7	2	8	35
Ión	1	1	7	2	9	29
Ión	1	1	7	3	0	19
Ión	1	1	7	3	1	30
Ión	1	1	7	3	2	40
Ión	1	1	7	3	3	42
Ión	1	1	7	3	4	31
Ión	1	1	7	3	5	33
Ión	1	1	7	3	6	34
Ión	1	1	7	3	7	28
Ión	1	1	7	3	8	27
Ión	1	1	7	3	9	25
Ión	1	1	7	4	0	21
Ión	1	1	7	4	1	34
Ión	1	1	7	4	2	38
Ión	1	1	7	4	3	37
Ión	1	1	7	4	4	36
Ión	1	1	7	4	5	35
Ión	1	1	7	4	6	33
Ión	1	1	7	4	7	28
Ión	1	1	7	4	8	23
Ión	1	1	7	4	9	24
Ión	1	1	7	5	0	19
Ión	1	1	7	5	1	35
Ión	1	1	7	5	2	43
Ión	1	1	7	5	3	41
Ión	1	1	7	5	4	44
Ión	1	1	7	5	5	42
Ión	1	1	7	5	6	36
Ión	1	1	7	5	7	31
Ión	1	1	7	5	8	26
Ión	1	1	7	5	9	21
Ión	1	1	7	6	0	22
Ión	1	1	7	6	1	33
Ión	1	1	7	6	2	42
Ión	1	1	7	6	3	44
Ión	1	1	7	6	4	36
Ión	1	1	7	6	5	42
Ión	1	1	7	6	6	38
Ión	1	1	7	6	7	27
Ión	1	1	7	6	8	30
Ión	1	1	7	6	9	26
Ión	1	1	7	7	0	20
Ión	1	1	7	7	1	36
Ión	1	1	7	7	2	33
Ión	1	1	7	7	3	34
Ión	1	1	7	7	4	36
Ión	1	1	7	7	5	32
Ión	1	1	7	7	6	37
Ión	1	1	7	7	7	34
Ión	1	1	7	7	8	34
Ión	1	1	7	7	9	38
Ión	1	1	7	8	0	18
Ión	1	1	7	8	1	28
Ión	1	1	7	8	2	32
Ión	1	1	7	8	3	33
Ión	1	1	7	8	4	35
Ión	1	1	7	8	5	40
Ión	1	1	7	8	6	37
Ión	1	1	7	8	7	35
Ión	1	1	7	8	8	39
Ión	1	1	7	8	9	36
Ión	1	1	7	9	0	13
Ión	1	1	7	9	1	23
Ión	1	1	7	9	2	32
Ión	1	1	7	9	3	30
Ión	1	1	7	9	4	30
Ión	1	1	7	9	5	34
Ión	1	1	7	9	6	28
Ión	1	1	7	9	7	24
Ión	1	1	7	9	8	31
Ión	1	1	7	9	9	27
Ión	1	1	8	0	0	24
Ión	1	1	8	0	1	33
Ión	1	1	8	0	2	30
Ión	1	1	8	0	3	34
Ión	1	1	8	0	4	34
Ión	1	1	8	0	5	30
Ión	1	1	8	0	6	36
Ión	1	1	8	0	7	35
Ión	1	1	8	0	8	30
Ión	1	1	8	0	9	31
Ión	1	1	8	1	0	18
Ión	1	1	8	1	1	26
Ión	1	1	8	1	2	38
Ión	1	1	8	1	3	39
Ión	1	1	8	1	4	32
Ión	1	1	8	1	5	38
Ión	1	1	8	1	6	38
Ión	1	1	8	1	7	36
Ión	1	1	8	1	8	37
Ión	1	1	8	1	9	33
Ión	1	1	8	2	0	23
Ión	1	1	8	2	1	37
Ión	1	1	8	2	2	38
Ión	1	1	8	2	3	36
Ión	1	1	8	2	4	38
Ión	1	1	8	2	5	39
Ión	1	1	8	2	6	34
Ión	1	1	8	2	7	38
Ión	1	1	8	2	8	44
Ión	1	1	8	2	9	35
Ión	1	1	8	3	0	21
Ión	1	1	8	3	1	36
Ión	1	1	8	3	2	40
Ión	1	1	8	3	3	44
Ión	1	1	8	3	4	42
Ión	1	1	8	3	5	37
Ión	1	1	8	3	6	39
Ión	1	1	8	3	7	37
Ión	1	1	8	3	8	38
Ión	1	1	8	3	9	34
Ión	1	1	8	4	0	18
Ión	1	1	8	4	1	33
Ión	1	1	8	4	2	47
Ión	1	1	8	4	3	50
Ión	1	1	8	4	4	47
Ión	1	1	8	4	5	42
Ión	1	1	8	4	6	37
Ión	1	1	8	4	7	34
Ión	1	1	8	4	8	35
Ión	1	1	8	4	9	33
Ión	1	1	8	5	0	21
Ión	1	1	8	5	1	36
Ión	1	1	8	5	2	48
Ión	1	1	8	5	3	47
Ión	1	1	8	5	4	43
Ión	1	1	8	5	5	41
Ión	1	1	8	5	6	38
Ión	1	1	8	5	7	33
Ión	1	1	8	5	8	32
Ión	1	1	8	5	9	29
Ión	1	1	8	6	0	23
Ión	1	1	8	6	1	35
Ión	1	1	8	6	2	42
Ión	1	1	8	6	3	43
Ión	1	1	8	6	4	40
Ión	1	1	8	6	5	40
Ión	1	1	8	6	6	36
Ión	1	1	8	6	7	30
Ión	1	1	8	6	8	32
Ión	1	1	8	6	9	28
Ión	1	1	8	7	0	22
Ión	1	1	8	7	1	35
Ión	1	1	8	7	2	33
Ión	1	1	8	7	3	37
Ión	1	1	8	7	4	42
Ión	1	1	8	7	5	39
Ión	1	1	8	7	6	30
Ión	1	1	8	7	7	24
Ión	1	1	8	7	8	33
Ión	1	1	8	7	9	34
Ión	1	1	8	8	0	16
Ión	1	1	8	8	1	31
Ión	1	1	8	8	2	38
Ión	1	1	8	8	3	40
Ión	1	1	8	8	4	37
Ión	1	1	8	8	5	39
Ión	1	1	8	8	6	38
Ión	1	1	8	8	7	29
Ión	1	1	8	8	8	33
Ión	1	1	8	8	9	33
Ión	1	1	8	9	0	18
Ión	1	1	8	9	1	28
Ión	1	1	8	9	2	31
Ión	1	1	8	9	3	34
Ión	1	1	8	9	4	32
Ión	1	1	8	9	5	30
Ión	1	1	8	9	6	32
Ión	1	1	8	9	7	31
Ión	1	1	8	9	8	27
Ión	1	1	8	9	9	23
Ión	1	1	9	0	0	20
Ión	1	1	9	0	1	29
Ión	1	1	9	0	2	30
Ión	1	1	9	0	3	28
Ión	1	1	9	0	4	28
Ión	1	1	9	0	5	31
Ión	1	1	9	0	6	31
Ión	1	1	9	0	7	29
Ión	1	1	9	0	8	34
Ión	1	1	9	0	9	29
Ión	1	1	9	1	0	19
Ión	1	1	9	1	1	29
Ión	1	1	9	1	2	31
Ión	1	1	9	1	3	29
Ión	1	1	9	1	4	25
Ión	1	1	9	1	5	27
Ión	1	1	9	1	6	29
Ión	1	1	9	1	7	35
Ión	1	1	9	1	8	35
Ión	1	1	9	1	9	33
Ión	1	1	9	2	0	15
Ión	1	1	9	2	1	26
Ión	1	1	9	2	2	33
Ión	1	1	9	2	3	33
Ión	1	1	9	2	4	33
Ión	1	1	9	2	5	33
Ión	1	1	9	2	6	33
Ión	1	1	9	2	7	38
Ión	1	1	9	2	8	37
Ión	1	1	9	2	9	36
Ión	1	1	9	3	0	16
Ión	1	1	9	3	1	26
Ión	1	1	9	3	2	32
Ión	1	1	9	3	3	38
Ión	1	1	9	3	4	39
Ión	1	1	9	3	5	34
Ión	1	1	9	3	6	37
Ión	1	1	9	3	7	36
Ión	1	1	9	3	8	44
Ión	1	1	9	3	9	39
Ión	1	1	9	4	0	17
Ión	1	1	9	4	1	29
Ión	1	1	9	4	2	36
Ión	1	1	9	4	3	40
Ión	1	1	9	4	4	41
Ión	1	1	9	4	5	36
Ión	1	1	9	4	6	36
Ión	1	1	9	4	7	43
Ión	1	1	9	4	8	41
Ión	1	1	9	4	9	33
Ión	1	1	9	5	0	17
Ión	1	1	9	5	1	30
Ión	1	1	9	5	2	36
Ión	1	1	9	5	3	39
Ión	1	1	9	5	4	39
Ión	1	1	9	5	5	39
Ión	1	1	9	5	6	36
Ión	1	1	9	5	7	35
Ión	1	1	9	5	8	32
Ión	1	1	9	5	9	35
Ión	1	1	9	6	0	16
Ión	1	1	9	6	1	26
Ión	1	1	9	6	2	33
Ión	1	1	9	6	3	35
Ión	1	1	9	6	4	35
Ión	1	1	9	6	5	35
Ión	1	1	9	6	6	31
Ión	1	1	9	6	7	30
Ión	1	1	9	6	8	35
Ión	1	1	9	6	9	32
Ión	1	1	9	7	0	17
Ión	1	1	9	7	1	25
Ión	1	1	9	7	2	33
Ión	1	1	9	7	3	35
Ión	1	1	9	7	4	34
Ión	1	1	9	7	5	32
Ión	1	1	9	7	6	29
Ión	1	1	9	7	7	32
Ión	1	1	9	7	8	32
Ión	1	1	9	7	9	27
Ión	1	1	9	8	0	18
Ión	1	1	9	8	1	31
Ión	1	1	9	8	2	34
Ión	1	1	9	8	3	36
Ión	1	1	9	8	4	34
Ión	1	1	9	8	5	31
Ión	1	1	9	8	6	33
Ión	1	1	9	8	7	27
Ión	1	1	9	8	8	27
Ión	1	1	9	8	9	29
Ión	1	1	9	9	0	15
Ión	1	1	9	9	1	26
Ión	1	1	9	9	2	30
Ión	1	1	9	9	3	28
Ión	1	1	9	9	4	30
Ión	1	1	9	9	5	31
Ión	1	1	9	9	6	30
Ión	1	1	9	9	7	24
Ión	1	1	9	9	8	25
Ión	1	1	9	9	9	20
Electrón	-1	1	8.88162	4.41167	9.97017	33
Electrón	-1	1	0.493333	8.32654	5.2912	69
Electrón	-1	1	2.18667	4.77857	2.10294	62
Electrón	-1	1	3.58419	6.99641	6.18578	76
Electrón	-1	1	5.98752	6.54717	7.67362	69
Electrón	-1	1	0.353318	9.01469	7.40419	48
Electrón	-1	1	6.68201	2.90296	6.22922	59
Electrón	-1	1	8.26311	2.26527	4.596	59
Electrón	-1	1	2.06907	8.96932	1.5603	55
Electrón	-1	1	2.76432	2.03887	9.65937	36
Electrón	-1	1	0.608467	1.8192	6.93856	63
Electrón	-1	1	1.61323	1.00507	2.70268	67
Electrón	-1	1	2.76954	0.715654	9.27839	41
Electrón	-1	1	4.31193	4.5858	5.0455	67
Electrón	-1	1	6.91221	9.20709	0.0544828	22
Electrón	-1	1	8.84072	7.98805	8.97271	48
Electrón	-1	1	8.93424	9.26872	5.27324	40
Electrón	-1	1	9.2649	5.69878	6.40417	46
Electrón	-1	1	0.0498973	1.3187	1.28356	61
Electrón	-1	1	5.82388	2.67796	1.14843	59
Electrón	-1	1	5.60723	3.92056	9.70563	25
Electrón	-1	1	3.13832	8.83471	8.97175	45
Electrón	-1	1	4.95722	4.63862	7.05974	65
Electrón	-1	1	3.13925	0.395813	8.65837	62
Electrón	-1	1	7.47261	7.78708	2.41302	66
Electrón	-1	1	4.03825	1.45973	4.06837	63
Electrón	-1	1	8.55806	5.51239	8.30018	52
Electrón	-1	1	3.82423	2.3823	8.89923	60
Electrón	-1	1	1.05798	0.0497515	2.12282	64
Electrón	-1	1	1.02582	3.32563	8.00681	68
Electrón	-1	1	5.24171	6.77334	6.09395	70
Electrón	-1	1	5.40134	1.51839	1.3745	62
Electrón	-1	1	8.17563	4.70063	4.38475	62
Electrón	-1	1	9.49312	8.29849	0.857227	34
Electrón	-1	1	3.70179	1.02623	8.74018	66
Electrón	-1	1	0.54836	4.18896	9.49931	42
Electrón	-1	1	7.76622	3.06032	6.49972	62
Electrón	-1	1	2.54165	4.25071	0.576079	49
Electrón	-1	1	2.53955	5.55353	2.83301	62
Electrón	-1	1	5.70069	1.374	2.28877	65
Electrón	-1	1	1.45116	4.32578	6.08733	68
Electrón	-1	1	7.80959	6.78318	1.54326	61
Electrón	-1	1	7.61824	5.91675	3.24243	66
Electrón	-1	1	0.324781	7.09247	0.664309	56
Electrón	-1	1	0.963331	6.55093	9.94792	27
Electrón	-1	1	8.53789	0.46384	8.07202	49
Electrón	-1	1	0.442208	8.06807	1.19378	63
Electrón	-1	1	9.58514	4.46323	8.48305	39
Electrón	-1	1	7.32101	2.90281	8.22907	53
Electrón	-1	1	0.0481377	3.24588	3.75333	73
Electrón	-1	1	5.0444	0.223779	9.37756	41
Electrón	-1	1	0.587939	7.13791	1.08199	60
Electrón	-1	1	3.59277	8.37343	3.3818	58
Electrón	-1	1	1.59609	7.99907	5.32939	79
Electrón	-1	1	0.813586	0.655692	3.64295	65
Electrón	-1	1	3.73828	1.04792	2.81363	66
Electrón	-1	1	6.67051	6.93436	5.36756	60
Electrón	-1	1	3.8516	9.23095	4.38825	43
Electrón	-1	1	1.28626	9.92466	2.70454	35
Electrón	-1	1	0.380691	1.23052	5.13243	61
Electrón	-1	1	2.26576	0.438305	1.52198	63
Electrón	-1	1	3.34524	2.51585	3.73111	58
Electrón	-1	1	8.66951	1.62313	8.12752	53
Electrón	-1	1	0.656155	4.99185	2.89241	58
Electrón	-1	1	9.85765	8.41021	7.46165	31
Electrón	-1	1	3.13945	0.654879	5.45084	64
Electrón	-1	1	1.34617	4.34446	4.1996	73
Electrón	-1	1	9.22727	3.45322	4.97176	43
Electrón	-1	1	6.37973	2.70677	1.59268	57
Electrón	-1	1	8.97154	0.77215	0.209802	42
Electrón	-1	1	6.03134	6.00509	1.04308	56
Electrón	-1	1	4.48589	2.33293	6.70813	68
Electrón	-1	1	4.7104	6.30651	0.897179	49
Electrón	-1	1	9.14095	4.36534	8.02117	46
Electrón	-1	1	7.88372	5.68036	9.20135	31
Electrón	-1	1	0.325429	1.95296	3.18377	69
Electrón	-1	1	3.54609	0.137451	6.5817	65
Electrón	-1	1	5.65405	1.57172	9.09173	40
Electrón	-1	1	4.60201	5.36488	2.03302	62
Electrón	-1	1	0.261132	9.33655	0.636059	32
Electrón	-1	1	1.84896	2.74168	0.309208	48
Electrón	-1	1	1.49858	7.72654	3.51791	70
Electrón	-1	1	4.32829	6.33945	5.48656	72
Electrón	-1	1	6.31301	8.88123	6.40043	52
Electrón	-1	1	3.97611	2.06844	1.63689	68
Electrón	-1	1	1.51434	5.6653	3.34911	68
Electrón	-1	1	0.59915	0.644332	7.47632	65
Electrón	-1	1	9.79441	5.54739	8.24972	36
Electrón	-1	1	0.865216	7.10287	5.07279	71
Electrón	-1	1	0.995396	9.48499	2.72308	37
Electrón	-1	1	0.291424	5.26751	0.249108	45
Electrón	-1	1	6.10852	7.48482	0.927505	44
Electrón	-1	1	0.662842	5.16621	7.06583	73
Electrón	-1	1	9.95873	2.80614	7.38303	39
Electrón	-1	1	5.75391	4.5193	5.27343	62
Electrón	-1	1	9.44956	6.31203	9.45253	30
Electrón	-1	1	6.17519	2.32616	4.07015	55
Electrón	-1	1	1.7197	7.48427	5.32223	79
Electrón	-1	1	9.44457	8.3625	7.60052	35
Electrón	-1	1	7.50661	9.24229	5.48363	42
Electrón	-1	1	1.07418	3.66036	8.485	59
Electrón	-1	1	1.02062	2.56832	4.95397	76
Electrón	-1	1	6.34505	1.60117	3.97929	59
Electrón	-1	1	7.91767	0.387236	8.98765	50
Electrón	-1	1	6.33059	4.31992	9.26631	29
Electrón	-1	1	0.177798	0.799135	5.9256	63
Electrón	-1	1	5.23324	0.419978	9.74371	33
Electrón	-1	1	2.32892	9.92748	3.67094	34
Electrón	-1	1	9.63656	4.10894	3.93283	42
Electrón	-1	1	6.47624	3.63226	3.30785	64
Electrón	-1	1	7.18715	0.14758	4.45942	62
Electrón	-1	1	5.95791	1.57907	1.36318	60
Electrón	-1	1	5.23423	8.26546	2.73632	52
Electrón	-1	1	2.00015	0.549172	6.68582	67
Electrón	-1	1	7.19068	6.84864	6.1921	58
Electrón	-1	1	8.98695	6.65559	9.74251	31
Electrón	-1	1	8.54064	6.40167	9.21567	39
Electrón	-1	1	9.11078	4.02485	7.91525	51
Electrón	-1	1	9.72779	7.70517	2.05956	37
Electrón	-1	1	4.83999	8.87524	5.64578	52
Electrón	-1	1	8.04927	4.21024	3.08634	68
Electrón	-1	1	3.45878	5.02863	1.71562	61
Electrón	-1	1	0.194752	2.62276	6.31454	75
Electrón	-1	1	1.3081	8.32835	5.61694	70
Electrón	-1	1	7.33997	8.10899	6.39863	55
Electrón	-1	1	8.55263	2.27245	1.54785	54
Electrón	-1	1	2.83261	5.30429	1.78111	56
Electrón	-1	1	5.93791	7.23844	8.42928	59
Electrón	-1	1	8.62593	8.98825	5.69676	51
Electrón	-1	1	5.02328	0.853994	4.53464	66
Electrón	-1	1	0.778803	3.6042	1.08232	61
Electrón	-1	1	2.4075	9.44392	4.91227	39
Electrón	-1	1	9.44036	5.62266	6.18308	45
Electrón	-1	1	6.57243	6.58304	6.66011	61
Electrón	-1	1	1.44822	0.460599	8.14437	57
Electrón	-1	1	0.575024	1.12098	6.5758	63
Electrón	-1	1	8.9897	2.05893	6.88974	58
Electrón	-1	1	7.63023	2.58244	6.73712	61
Electrón	-1	1	8.56284	1.47039	0.177497	40
Electrón	-1	1	8.25743	1.97331	1.03161	56
Electrón	-1	1	5.89236	2.80902	2.93031	60
Electrón	-1	1	3.65909	6.01977	1.2263	57
Electrón	-1	1	2.13199	8.31057	5.29815	66
Electrón	-1	1	6.80839	4.84087	3.05564	63
Electrón	-1	1	4.84336	9.34992	4.98469	36
Electrón	-1	1	9.22559	8.69411	3.97257	38
Electrón	-1	1	7.01354	8.02539	0.592685	41
Electrón	-1	1	7.4127	1.92905	1.02966	62
Electrón	-1	1	3.90101	6.10894	1.29589	58
Electrón	-1	1	6.03889	4.16104	5.3016	54
Electrón	-1	1	5.42412	2.7178	1.49917	63
Electrón	-1	1	8.36563	8.22742	9.37796	31
Electrón	-1	1	4.13088	1.62069	1.25411	67
Electrón	-1	1	9.46172	1.95774	4.1698	37
Electrón	-1	1	6.07194	7.65002	2.51057	59
Electrón	-1	1	1.09468	6.36292	5.12456	74
Electrón	-1	1	9.15661	4.16892	5.83179	45
Electrón	-1	1	8.09465	1.96332	8.63313	57
Electrón	-1	1	3.21084	5.13425	5.33631	70
Electrón	-1	1	0.410591	2.39919	6.70788	71
Electrón	-1	1	8.49448	2.23319	1.02843	52
Electrón	-1	1	4.1906	7.01398	2.70952	65
Electrón	-1	1	9.70508	8.06265	7.59711	32
Electrón	-1	1	1.51814	2.82892	3.29145	69
Electrón	-1	1	7.4671	0.175504	9.49357	35
Electrón	-1	1	9.37036	2.45066	8.64044	41
Electrón	-1	1	4.58942	8.38522	9.01442	41
Electrón	-1	1	7.2144	9.17998	4.80674	43
Electrón	-1	1	9.92671	3.52244	9.62246	23
Electrón	-1	1	8.5922	7.51233	9.96413	33
Electrón	-1	1	4.14306	9.41625	3.87551	38
Electrón	-1	1	5.96418	6.8332	5.38381	62
Electrón	-1	1	2.23728	6.09093	3.75729	67
Electrón	-1	1	8.01278	5.45109	3.01707	67
Electrón	-1	1	6.29408	5.36932	6.63918	60
Electrón	-1	1	8.14637	8.48838	3.41063	63
Electrón	-1	1	7.07769	1.20386	9.36733	34
Electrón	-1	1	8.41132	9.32752	8.27339	26
Electrón	-1	1	7.4555	0.0477922	0.0691075	42
Electrón	-1	1	9.65945	3.46736	9.67638	24
Electrón	-1	1	0.0917833	9.95036	2.00604	37
Electrón	-1	1	3.60517	5.88272	2.07362	64
Electrón	-1	1	3.47856	8.92425	2.75918	53
Electrón	-1	1	0.674604	1.05414	4.57838	64
Electrón	-1	1	7.52349	2.43603	2.8306	65
Electrón	-1	1	2.84898	5.25758	8.0126	50
Electrón	-1	1	8.2014	3.92502	0.708867	46
Electrón	-1	1	2.0155	7.28207	6.60764	75
Electrón	-1	1	7.37835	0.281785	8.98861	54
Electrón	-1	1	1.88896	4.06363	2.74946	67
Electrón	-1	1	3.57461	8.80669	8.42315	44
Electrón	-1	1	2.27922	9.01967	6.89377	46
Electrón	-1	1	3.83452	5.27663	3.29357	65
Electrón	-1	1	0.163804	0.170825	5.93553	62
Electrón	-1	1	0.154209	0.00141304	1.39765	61
Electrón	-1	1	8.21437	9.50742	9.82251	18
Electrón	-1	1	5.415	5.54751	2.48257	60
Electrón	-1	1	1.8481	1.17741	8.96462	56
Electrón	-1	1	0.0572448	4.86909	8.69976	67
Electrón	-1	1	7.33115	4.37746	3.1976	65
Electrón	-1	1	2.50384	5.3258	6.72862	66
Electrón	-1	1	7.98632	3.82052	3.4368	69
Electrón	-1	1	1.55858	7.2937	1.40597	58
Electrón	-1	1	1.4951	3.96229	5.37555	70
Electrón	-1	1	2.15879	1.28136	8.81218	53
Electrón	-1	1	2.04653	7.37205	1.66448	60
Electrón	-1	1	4.24629	2.08874	6.98446	75
Electrón	-1	1	0.0777051	4.77446	2.75395	63
Electrón	-1	1	5.7032	9.34561	9.88086	20
Electrón	-1	1	4.73382	1.48568	7.77934	67
Electrón	-1	1	1.01842	1.53745	8.24509	62
Electrón	-1	1	0.802785	2.41916	2.15222	62
Electrón	-1	1	2.47623	3.30884	1.57593	67
Electrón	-1	1	7.96295	4.00327	6.52979	58
Electrón	-1	1	1.7602	3.11391	7.48211	61
Electrón	-1	1	0.901342	7.98189	6.42075	66
Electrón	-1	1	6.4306	5.57565	6.607	59
Electrón	-1	1	6.3357	0.223374	5.66998	54
Electrón	-1	1	7.94534	9.7545	6.02125	33
Electrón	-1	1	3.70595	6.80188	2.20043	57
Electrón	-1	1	8.38462	2.08775	2.83175	58
Electrón	-1	1	5.3579	5.25372	7.88038	57
Electrón	-1	1	5.91181	7.43953	8.00639	59
Electrón	-1	1	9.98089	0.284076	9.49857	18
Electrón	-1	1	7.8962	6.33413	9.36084	36
Electrón	-1	1	3.73885	0.832256	5.84182	77
Electrón	-1	1	3.51461	7.9823	6.22071	71
Electrón	-1	1	5.66944	9.39292	8.73716	37
Electrón	-1	1	4.51045	0.794687	8.06757	68
Electrón	-1	1	6.43678	7.76803	3.7957	60
Electrón	-1	1	3.19709	3.20925	0.676063	57
Electrón	-1	1	0.385045	0.182496	1.47234	63
Electrón	-1	1	7.96405	0.300336	4.63857	57
Electrón	-1	1	1.36014	2.6291	5.51497	68
Electrón	-1	1	8.28069	4.76853	6.10832	61
Electrón	-1	1	3.88949	3.21291	2.10424	62
Electrón	-1	1	2.57586	8.30827	0.552641	39
Electrón	-1	1	5.73846	0.0391814	9.9066	33
Electrón	-1	1	6.07685	7.96311	8.21536	61
Electrón	-1	1	1.46567	7.14133	4.83931	74
Electrón	-1	1	9.12554	9.61863	0.308273	16
Electrón	-1	1	4.78762	9.82955	4.75757	30
Electrón	-1	1	4.99684	8.82556	6.1432	53
Electrón	-1	1	6.95393	2.90891	9.89521	30
Electrón	-1	1	1.97558	7.70277	7.12005	71
Electrón	-1	1	1.28268	6.06492	7.68207	60
Electrón	-1	1	5.4875	8.41016	8.38025	56
Electrón	-1	1	3.19399	5.61829	6.63251	69
Electrón	-1	1	3.82596	0.64561	9.04713	55
Electrón	-1	1	7.60447	4.70124	2.85682	67
Electrón	-1	1	9.76354	3.4676	3.72323	35
Electrón	-1	1	0.584856	1.84966	6.85933	67
Electrón	-1	1	1.44666	1.26622	6.07364	56
Electrón	-1	1	3.55018	0.263689	7.34123	66
Electrón	-1	1	9.94107	6.50191	8.53409	34
Electrón	-1	1	2.79549	7.32972	6.10263	75
Electrón	-1	1	3.99892	6.78131	5.59581	70
Electrón	-1	1	2.21933	3.72183	1.83521	62
Electrón	-1	1	1.39807	3.11967	6.16563	70
Electrón	-1	1	4.65275	3.67415	3.0117	63
Electrón	-1	1	9.46	4.3951	8.74227	38
Electrón	-1	1	0.348552	2.79775	5.76502	73
Electrón	-1	1	9.68575	9.71805	6.58579	18
Electrón	-1	1	6.68989	9.59132	0.312186	23
Electrón	-1	1	2.38386	7.38199	6.21367	79
Electrón	-1	1	8.03408	8.72663	4.21019	52
Electrón	-1	1	7.87251	8.29089	1.11445	55
Electrón	-1	1	7.51989	6.27707	4.6376	61
Electrón	-1	1	8.27723	2.99289	9.22227	35
Electrón	-1	1	9.53221	6.29674	5.9637	35
Electrón	-1	1	3.19713	7.54758	3.38049	65
Electrón	-1	1	3.33026	4.6563	6.12412	70
Electrón	-1	1	1.61047	8.24612	6.57944	62
Electrón	-1	1	2.16481	5.46968	4.99555	73
Electrón	-1	1	9.81012	4.94552	7.53616	43
Electrón	-1	1	0.578025	3.13765	2.57702	74
Electrón	-1	1	8.61848	2.2127	2.05382	54
Electrón	-1	1	3.89889	6.50834	6.77532	65
Electrón	-1	1	9.2568	3.65847	5.19732	41
Electrón	-1	1	6.06103	4.23982	2.23354	62
Electrón	-1	1	5.12902	6.59677	9.43118	43
Electrón	-1	1	3.25402	7.14938	1.78097	60
Electrón	-1	1	4.36012	2.1839	5.12284	59
Electrón	-1	1	8.58879	1.01039	5.30963	50
Electrón	-1	1	8.5759	8.53483	4.96958	51
Electrón	-1	1	3.37572	0.623171	9.5272	43
Electrón	-1	1	1.04852	4.19635	3.26053	63
Electrón	-1	1	9.5771	4.87416	8.49416	40
Electrón	-1	1	1.84933	6.85298	5.47537	76
Electrón	-1	1	7.67175	0.264003	1.50154	63
Electrón	-1	1	8.28844	8.56136	4.26824	53
Electrón	-1	1	0.117663	4.29473	0.932928	55
Electrón	-1	1	1.78498	2.25761	3.43415	69
Electrón	-1	1	8.83682	7.92955	2.38623	60
Electrón	-1	1	9.06381	7.03711	0.109967	27
Electrón	-1	1	8.96713	3.38139	1.8326	57
Electrón	-1	1	3.82148	2.78898	0.518945	54
Electrón	-1	1	9.60087	4.66449	8.2218	38
Electrón	-1	1	6.82711	2.22658	2.8152	61
Electrón	-1	1	6.97087	4.88694	2.13615	67
Electrón	-1	1	5.9298	3.50565	5.4602	53
Electrón	-1	1	9.55995	8.04909	3.05576	35
Electrón	-1	1	7.15725	4.64115	0.303732	43
Electrón	-1	1	6.66163	7.58032	8.52188	58
Electrón	-1	1	3.44955	6.92468	8.38946	54
Electrón	-1	1	2.13616	8.8614	2.90943	55
Electrón	-1	1	4.71754	3.35209	9.49336	41
Electrón	-1	1	2.10153	1.99157	1.71956	61
Electrón	-1	1	3.41081	1.82211	9.14256	51
Electrón	-1	1	2.43364	2.28759	6.34584	63
Electrón	-1	1	0.82862	4.41608	5.24033	76
Electrón	-1	1	9.88197	5.36226	1.50143	26
Electrón	-1	1	3.57571	9.17202	3.00726	38
Electrón	-1	1	5.59943	5.51965	3.76138	63
Electrón	-1	1	7.96295	9.05802	7.37476	38
Electrón	-1	1	1.94541	9.23105	3.09375	41
Electrón	-1	1	1.44256	7.31246	1.49375	58
Electrón	-1	1	5.56698	3.60629	4.95035	57
Electrón	-1	1	8.73226	5.19263	8.88946	51
Electrón	-1	1	9.39944	5.47518	8.7848	41
Electrón	-1	1	0.304773	3.88137	3.95999	68
Electrón	-1	1	1.7824	0.639471	4.171	60
Electrón	-1	1	9.073	1.19613	3.7701	36
Electrón	-1	1	1.57844	6.44068	0.515544	48
Electrón	-1	1	8.97648	0.144638	5.49495	47
Electrón	-1	1	1.93295	0.376762	9.50833	39
Electrón	-1	1	7.52588	6.55273	2.91028	58
Electrón	-1	1	9.56364	5.7483	4.78688	38
Electrón	-1	1	4.66023	7.48855	8.10354	61
Electrón	-1	1	8.77653	3.17358	4.88702	61
Electrón	-1	1	5.03837	5.96489	5.7721	75
Electrón	-1	1	9.45695	0.772946	7.5773	39
Electrón	-1	1	2.65749	4.98627	2.79345	63
Electrón	-1	1	0.0920511	8.42834	7.70906	55
Electrón	-1	1	6.46951	9.32134	6.01271	34
Electrón	-1	1	9.64755	9.06931	0.631109	19
Electrón	-1	1	5.07116	7.95712	5.07483	61
Electrón	-1	1	0.433729	9.77032	7.31643	37
Electrón	-1	1	5.91607	1.36715	3.12277	65
Electrón	-1	1	2.8086	6.15847	9.66319	29
Electrón	-1	1	3.52583	7.67222	2.18331	62
Electrón	-1	1	8.89659	4.93036	1.81901	56
Electrón	-1	1	1.67181	0.543221	3.48183	64
Electrón	-1	1	7.58205	4.19406	2.1633	72
Electrón	-1	1	8.28461	2.14251	7.15074	67
Electrón	-1	1	7.32397	1.95936	6.26026	61
Electrón	-1	1	2.73595	4.00068	2.23982	63
Electrón	-1	1	4.98596	1.78266	6.7211	68
Electrón	-1	1	0.364634	3.04633	8.89793	68
Electrón	-1	1	1.36693	6.37201	9.56571	33
Electrón	-1	1	0.554707	4.71317	8.53765	67
Electrón	-1	1	9.11536	7.42353	5.50196	41
Electrón	-1	1	1.58189	8.07342	3.62381	68
Electrón	-1	1	2.3158	0.410856	2.64758	63
Electrón	-1	1	6.45671	0.587682	7.08303	57
Electrón	-1	1	2.27616	9.0357	6.77112	45
Electrón	-1	1	4.47066	5.50904	6.82382	69
Electrón	-1	1	9.65963	1.31093	4.80781	29
Electrón	-1	1	4.96864	4.91293	7.64145	52
Electrón	-1	1	8.33339	2.32549	9.49621	31
Electrón	-1	1	4.14737	5.95273	6.78899	74
Electrón	-1	1	3.603	2.90128	0.045197	45
Electrón	-1	1	4.90466	2.00305	4.07456	66
Electrón	-1	1	9.77955	2.37982	8.08096	37
Electrón	-1	1	4.19028	7.32787	5.0121	68
Electrón	-1	1	8.2133	6.65732	1.85183	51
Electrón	-1	1	6.43961	2.83034	6.98745	57
Electrón	-1	1	9.31497	8.00835	2.44088	36
Electrón	-1	1	0.0968392	4.42421	0.747402	51
Electrón	-1	1	1.13512	9.30819	2.87132	39
Electrón	-1	1	2.02108	8.35199	9.50812	28
Electrón	-1	1	4.02662	2.75187	8.88645	56
Electrón	-1	1	5.8146	4.23086	1.3195	62
Electrón	-1	1	5.76154	4.0435	0.645859	51
Electrón	-1	1	9.26547	5.39599	7.2325	46
Electrón	-1	1	3.47111	1.97242	6.81422	73
Electrón	-1	1	0.0182496	7.33302	5.53146	66
Electrón	-1	1	8.98238	8.33345	9.32926	31
Electrón	-1	1	3.32423	2.87644	8.78972	58
Electrón	-1	1	3.99671	2.48026	7.9195	68
Electrón	-1	1	0.367121	3.20313	9.65313	38
Electrón	-1	1	8.94349	0.299731	9.38649	34
Electrón	-1	1	6.60275	7.96999	8.01879	63
Electrón	-1	1	2.83043	1.2685	0.657506	54
Electrón	-1	1	1.91066	0.827105	7.54248	66
Electrón	-1	1	6.17471	6.71868	8.10258	56
Electrón	-1	1	3.25934	0.135241	7.44893	71
Electrón	-1	1	2.13374	8.24431	6.82866	65
Electrón	-1	1	3.4443	3.74501	3.12344	66
Electrón	-1	1	0.72073	3.21506	6.31985	71
Electrón	-1	1	1.29668	9.64608	3.03393	34
Electrón	-1	1	6.18338	5.58676	7.50639	56
Electrón	-1	1	6.12808	1.20325	2.96531	60
Electrón	-1	1	2.00223	2.46883	4.81602	64
Electrón	-1	1	4.06541	0.00714239	4.14226	67
Electrón	-1	1	2.82307	3.34042	6.83672	61
Electrón	-1	1	7.58372	1.12517	3.42732	61
Electrón	-1	1	5.72566	0.60788	3.69892	63
Electrón	-1	1	7.00573	5.31274	0.22948	41
Electrón	-1	1	2.58563	7.97866	8.51285	51
Electrón	-1	1	2.34295	0.395604	3.68619	62
Electrón	-1	1	8.64924	9.03901	2.16693	44
Electrón	-1	1	1.92979	3.6062	5.84144	71
Electrón	-1	1	7.60069	2.44312	6.67745	62
Electrón	-1	1	3.63673	8.37547	6.98838	59
Electrón	-1	1	2.01966	7.26392	3.97888	69
Electrón	-1	1	6.1587	1.62067	0.383948	45
Electrón	-1	1	5.24641	3.18222	0.562153	48
Electrón	-1	1	9.63995	8.43631	5.2887	31
Electrón	-1	1	4.35588	7.56696	6.46983	68
Electrón	-1	1	4.53196	0.177954	5.05717	66
Electrón	-1	1	4.10957	1.16054	6.98812	69
Electrón	-1	1	9.31164	2.92427	0.773986	29
Electrón	-1	1	4.53063	0.520284	1.38828	60
Electrón	-1	1	9.45571	9.95319	0.447674	16
Electrón	-1	1	8.29058	9.97628	2.79318	26
Electrón	-1	1	3.63369	0.586857	3.93888	65
Electrón	-1	1	4.06165	9.04768	3.13214	41
Electrón	-1	1	4.59524	5.46071	8.29501	50
Electrón	-1	1	9.50003	8.98274	7.9067	32
Electrón	-1	1	9.43073	3.85307	5.28881	40
Electrón	-1	1	9.66774	1.18214	1.00854	31
Electrón	-1	1	6.98615	8.88098	6.04691	56
Electrón	-1	1	9.28351	2.63165	0.971055	30
Electrón	-1	1	6.9749	1.14542	3.39485	59
Electrón	-1	1	1.68192	7.8489	4.29188	70
Electrón	-1	1	6.77037	1.84971	3.97289	57
Electrón	-1	1	8.58996	7.70734	1.63258	60
Electrón	-1	1	3.5086	6.78668	9.01214	35
Electrón	-1	1	3.27761	2.0545	2.42561	65
Electrón	-1	1	3.58538	1.40481	0.151093	47
Electrón	-1	1	1.74568	7.35737	4.63992	73
Electrón	-1	1	1.76761	6.17976	4.98695	75
Electrón	-1	1	8.80365	2.1555	3.49873	54
Electrón	-1	1	0.0675172	8.99305	6.75084	53
Electrón	-1	1	2.65731	8.10116	0.156711	37
Electrón	-1	1	2.01145	5.39005	7.50127	54
Electrón	-1	1	5.20916	1.65475	5.88676	62
Electrón	-1	1	0.788207	8.54968	2.22193	65
Electrón	-1	1	4.15956	2.6578	5.89947	65
Electrón	-1	1	4.26577	3.61663	2.21396	64
Electrón	-1	1	8.65858	5.80781	4.90752	64
Electrón	-1	1	5.13316	0.17677	3.63125	65
Electrón	-1	1	6.23167	5.41747	0.252018	44
Electrón	-1	1	3.09629	1.34511	1.52597	58
Electrón	-1	1	3.29594	5.64215	5.70236	78
Electrón	-1	1	4.66107	0.57107	4.16467	59
Electrón	-1	1	5.18376	7.72124	1.00248	53
Electrón	-1	1	3.75081	1.23803	7.58663	74
Electrón	-1	1	1.74206	9.56338	7.97886	32
Electrón	-1	1	4.9361	5.02238	5.2842	72
Electrón	-1	1	6.68295	9.43769	3.13698	34
Electrón	-1	1	6.75604	8.5191	1.92897	55
Electrón	-1	1	7.5428	3.15894	8.37626	55
Electrón	-1	1	2.90625	0.168668	6.09168	62
Electrón	-1	1	8.94049	0.353547	6.76147	51
Electrón	-1	1	8.71241	1.19115	2.52406	49
Electrón	-1	1	0.39274	8.06356	3.14424	57
Electrón	-1	1	8.8818	2.62378	3.83523	54
Electrón	-1	1	4.77484	6.94236	4.98529	70
Electrón	-1	1	3.11101	1.81107	4.42509	60
Electrón	-1	1	1.72004	9.62319	1.6304	35
Electrón	-1	1	5.93008	8.67538	6.28507	54
Electrón	-1	1	9.32946	5.55016	2.98143	41
Electrón	-1	1	4.363	3.61295	1.46959	64
Electrón	-1	1	4.03345	1.72588	9.2935	46
Electrón	-1	1	4.0168	1.29152	5.82367	69
Electrón	-1	1	3.657	3.94022	6.65162	63
Electrón	-1	1	6.08898	6.87626	5.25664	62
Electrón	-1	1	4.42159	1.54684	5.10823	63
Electrón	-1	1	5.05363	6.19907	5.80979	76
Electrón	-1	1	8.34755	7.56747	9.80106	32
Electrón	-1	1	6.11193	1.90218	8.94163	49
Electrón	-1	1	4.59557	0.409898	0.280415	45
Electrón	-1	1	2.81516	1.55072	6.19812	63
Electrón	-1	1	9.01409	1.59559	6.61823	46
Electrón	-1	1	2.92587	3.57833	8.51541	49
Electrón	-1	1	4.93484	2.67303	4.09806	60
Electrón	-1	1	6.71811	0.141719	8.98056	53
Electrón	-1	1	0.355762	2.30983	4.92912	69
Electrón	-1	1	3.90903	8.04045	2.97136	55
Electrón	-1	1	2.90897	8.01905	4.91749	64
Electrón	-1	1	5.0564	7.95518	6.06099	66
Electrón	-1	1	4.27167	3.5929	0.23967	44
Electrón	-1	1	3.79562	3.60746	8.02144	53
Electrón	-1	1	0.998235	4.1352	4.11195	76
Electrón	-1	1	4.3985	3.40562	6.32525	59
Electrón	-1	1	2.13596	2.99068	0.302918	47
Electrón	-1	1	2.33724	8.17096	0.302977	41
Electrón	-1	1	1.5372	4.2025	3.14406	71
Electrón	-1	1	1.50937	2.6336	3.40746	67
Electrón	-1	1	1.8778	3.66368	0.872231	53
Electrón	-1	1	4.4427	1.22751	0.916641	59
Electrón	-1	1	5.68872	4.43571	6.58694	57
Electrón	-1	1	9.98781	3.91827	6.8146	39
Electrón	-1	1	7.41726	0.356631	0.67488	51
Electrón	-1	1	0.992896	6.3873	7.8434	64
Electrón	-1	1	7.6718	1.01089	0.202046	46
Electrón	-1	1	9.52928	9.27485	2.32493	27
Electrón	-1	1	4.73605	0.17523	4.42245	57
Electrón	-1	1	7.94221	5.57854	6.58602	61
Electrón	-1	1	9.28473	7.82554	4.34497	43
Electrón	-1	1	3.65075	0.867596	0.942307	55
Electrón	-1	1	4.32778	9.28093	8.04894	37
Electrón	-1	1	9.03743	8.36671	1.14734	40
Electrón	-1	1	1.27248	8.73648	0.741632	49
Electrón	-1	1	5.25505	0.487866	2.02709	62
Electrón	-1	1	0.859596	0.0411785	8.23344	54
Electrón	-1	1	9.65238	3.36131	3.16234	38
Electrón	-1	1	8.99132	2.13677	9.7542	37
Electrón	-1	1	5.56926	0.236263	5.74166	61
Electrón	-1	1	4.93997	6.23751	5.7421	74
Electrón	-1	1	6.83779	6.10097	4.20989	61
Electrón	-1	1	8.64925	6.23292	5.80468	55
Electrón	-1	1	3.86176	4.13755	2.6925	62
Electrón	-1	1	9.24793	6.76345	8.05018	41
Electrón	-1	1	2.051	2.06813	4.69955	60
Electrón	-1	1	4.89271	9.27807	8.77866	37
Electrón	-1	1	4.61383	2.85862	7.01429	66
Electrón	-1	1	7.72849	7.05987	4.13759	65
Electrón	-1	1	6.33338	0.535123	5.51255	60
Electrón	-1	1	0.130009	6.76162	7.59635	62
Electrón	-1	1	8.27795	5.3618	0.360931	40
Electrón	-1	1	5.85662	7.15104	3.06481	54
Electrón	-1	1	3.46177	6.20009	5.11843	77
Electrón	-1	1	4.41329	3.44913	0.284955	47
Electrón	-1	1	7.77338	2.29621	2.9236	64
Electrón	-1	1	6.34718	1.46859	6.92429	55
Electrón	-1	1	0.17563	0.417951	3.13007	65
Electrón	-1	1	2.34186	0.851258	9.85593	36
Electrón	-1	1	7.92042	0.51563	8.11108	50
Electrón	-1	1	5.33732	8.18513	8.73996	57
Electrón	-1	1	6.67871	2.12335	0.232678	46
Electrón	-1	1	9.92192	3.66288	2.09362	30
Electrón	-1	1	0.162526	7.33732	6.66976	70
Electrón	-1	1	1.65718	0.119413	1.78349	64
Electrón	-1	1	7.78203	3.10017	6.75427	59
Electrón	-1	1	0.956707	2.78392	5.47582	71
Electrón	-1	1	2.32877	7.26699	5.40187	80
Electrón	-1	1	6.96944	9.61124	0.24316	22
Electrón	-1	1	0.185881	1.3676	6.55615	65
Electrón	-1	1	4.9052	8.38549	3.31955	54
Electrón	-1	1	8.59932	4.8736	4.21525	63
Electrón	-1	1	8.40129	1.37831	3.0873	53
Electrón	-1	1	4.22947	6.38517	6.72714	77
Electrón	-1	1	8.51142	7.13573	7.79278	56
Electrón	-1	1	0.100003	1.48479	1.80489	64
Electrón	-1	1	1.88632	9.13801	5.89749	48
Electrón	-1	1	6.04698	7.25793	5.17248	60
Electrón	-1	1	3.3639	1.01189	6.53997	66
Electrón	-1	1	2.10753	3.29119	5.96943	62
Electrón	-1	1	3.3198	8.67315	6.21412	63
Electrón	-1	1	5.3828	9.84383	9.59979	19
Electrón	-1	1	4.11004	6.30187	7.68869	62
Electrón	-1	1	1.2282	6.41321	5.38907	76
Electrón	-1	1	3.31812	5.60852	0.0634727	38
Electrón	-1	1	4.60362	5.79634	0.715343	47
Electrón	-1	1	4.75286	5.49064	3.26027	58
Electrón	-1	1	0.246491	4.33645	8.96729	68
Electrón	-1	1	7.84105	5.10106	3.56504	69
Electrón	-1	1	9.81226	9.24922	6.34458	23
Electrón	-1	1	7.45045	9.12534	5.28837	41
Electrón	-1	1	0.847051	2.9175	9.73907	36
Electrón	-1	1	2.13011	1.18391	8.31447	57
Electrón	-1	1	6.87304	8.67236	9.46311	33
Electrón	-1	1	2.88813	1.69491	2.01676	59
Electrón	-1	1	4.90786	2.67581	8.39236	57
Electrón	-1	1	5.7554	9.98871	1.28121	23
Electrón	-1	1	4.89955	8.96844	3.14715	53
Electrón	-1	1	8.6901	4.62572	2.62981	60
Electrón	-1	1	4.45312	1.31469	6.99732	68
Electrón	-1	1	6.42926	6.44026	4.65255	60
Electrón	-1	1	0.975584	4.18246	6.69405	71
Electrón	-1	1	1.78607	0.107141	0.262384	45
Electrón	-1	1	3.1425	7.06673	4.29532	70
Electrón	-1	1	4.4941	2.30732	3.01562	63
Electrón	-1	1	1.06531	4.26806	5.69091	76
Electrón	-1	1	8.17501	3.3886	2.2077	59
Electrón	-1	1	8.95514	5.46905	7.41511	58
Electrón	-1	1	6.44369	2.32877	0.834097	51
Electrón	-1	1	9.04916	0.67586	1.77828	41
Electrón	-1	1	4.37779	5.04327	8.92561	50
Electrón	-1	1	7.69192	5.19152	1.04978	60
Electrón	-1	1	7.7849	8.23713	2.90361	62
Electrón	-1	1	4.27146	8.54642	6.02074	57
Electrón	-1	1	6.00382	2.42848	5.75391	63
Electrón	-1	1	0.349893	8.43521	8.68173	50
Electrón	-1	1	4.24861	0.185312	1.63429	56
Electrón	-1	1	5.92228	6.91975	0.000351625	41
Electrón	-1	1	1.45819	4.98778	2.21391	65
Electrón	-1	1	8.19766	5.77786	3.46309	61
Electrón	-1	1	7.54439	4.75612	4.10535	64
Electrón	-1	1	2.8601	9.49988	6.43379	41
Electrón	-1	1	0.783205	7.27716	8.01908	58
Electrón	-1	1	7.46768	5.97337	0.770733	49
Electrón	-1	1	2.21907	5.39956	7.07664	60
Electrón	-1	1	0.319363	4.48983	2.81141	65
Electrón	-1	1	8.08241	7.6445	4.85301	64
Electrón	-1	1	9.54825	6.63988	4.52501	34
Electrón	-1	1	3.89205	7.89497	1.95909	55
Electrón	-1	1	0.386476	3.16201	7.39414	68
Electrón	-1	1	9.75329	7.67682	1.65722	37
Electrón	-1	1	2.06057	9.73898	4.20132	32
Electrón	-1	1	4.33401	1.96486	3.28873	61
Electrón	-1	1	3.56134	8.94242	3.10234	54
Electrón	-1	1	2.91363	6.02832	4.50912	67
Electrón	-1	1	4.49721	5.72065	5.52867	69
Electrón	-1	1	4.13422	3.25592	1.8877	65
Electrón	-1	1	1.38655	5.62385	6.2044	79
Electrón	-1	1	8.72153	0.571173	1.59085	56
Electrón	-1	1	8.52411	5.86584	1.45793	56
Electrón	-1	1	0.637614	3.92927	7.71749	76
Electrón	-1	1	9.60165	9.11241	9.16949	16
Electrón	-1	1	2.75444	0.331482	8.63604	63
Electrón	-1	1	5.54691	4.10199	9.7379	27
Electrón	-1	1	4.46644	7.53527	1.74222	59
Electrón	-1	1	1.99048	9.04968	0.091235	26
Electrón	-1	1	9.94065	6.09043	0.44678	20
Electrón	-1	1	1.74819	7.01464	2.84479	60
Electrón	-1	1	7.28331	5.75415	1.94705	66
Electrón	-1	1	3.802	7.40643	0.312227	49
Electrón	-1	1	9.66034	8.39385	2.4202	37
Electrón	-1	1	6.14199	5.26956	5.90184	72
Electrón	-1	1	1.9805	3.11961	6.24427	64
Electrón	-1	1	1.95156	1.34742	1.47299	59
Electrón	-1	1	9.20124	8.91475	0.803285	29
Electrón	-1	1	8.98565	6.75025	9.27247	35
Electrón	-1	1	2.64219	6.7607	6.30967	70
Electrón	-1	1	6.10441	8.42396	8.45638	55
Electrón	-1	1	1.63706	5.38941	7.86623	63
Electrón	-1	1	3.45225	3.68091	7.73231	57
Electrón	-1	1	9.338	3.34329	7.60543	48
Electrón	-1	1	9.00586	7.53393	4.47651	41
Electrón	-1	1	9.98151	8.77831	5.07725	29
Electrón	-1	1	1.20684	4.3395	5.3821	75
Electrón	-1	1	3.95195	5.20612	4.86471	72
Electrón	-1	1	7.19541	8.63896	3.8405	52
Electrón	-1	1	9.96474	0.812366	3.37195	26
Electrón	-1	1	4.44874	7.8818	9.96121	37
Electrón	-1	1	0.185036	3.69989	1.25525	60
Electrón	-1	1	0.510931	5.45482	0.256643	49
Electrón	-1	1	2.50692	9.94014	9.90514	16
Electrón	-1	1	1.17629	5.72713	7.00829	69
Electrón	-1	1	8.91388	5.08002	7.14317	58
Electrón	-1	1	3.88521	6.21299	8.63177	52
Electrón	-1	1	6.67039	8.0042	8.38618	55
Electrón	-1	1	3.58835	9.05032	0.78492	29
Electrón	-1	1	0.0329836	4.19283	8.90043	68
Electrón	-1	1	1.03276	9.07521	4.34548	45
Electrón	-1	1	9.01921	0.200277	8.83473	39
Electrón	-1	1	9.44261	2.55125	7.2651	47
Electrón	-1	1	2.51491	3.44769	4.31495	64
Electrón	-1	1	2.23916	7.28577	0.356024	46
Electrón	-1	1	4.58598	8.30875	8.92402	50
Electrón	-1	1	4.2207	4.92118	4.37936	61
Electrón	-1	1	4.91848	0.0905931	2.86623	68
Electrón	-1	1	7.95831	9.05151	2.12011	41
Electrón	-1	1	3.43947	5.47877	5.04472	75
Electrón	-1	1	5.57513	5.60059	5.51028	70
Electrón	-1	1	1.15785	8.09117	2.13315	65
Electrón	-1	1	4.00069	3.30236	7.23147	61
Electrón	-1	1	9.78323	8.47559	6.83371	30
Electrón	-1	1	6.81768	1.55171	5.73395	56
Electrón	-1	1	8.68076	2.61921	5.83737	58
Electrón	-1	1	0.306555	2.72658	8.52613	71
Electrón	-1	1	3.93205	6.10236	4.64742	68
Electrón	-1	1	0.311307	2.09427	3.10081	65
Electrón	-1	1	3.92771	4.30989	1.14481	64
Electrón	-1	1	3.53449	3.08618	9.88811	32
Electrón	-1	1	1.96697	6.15286	8.7656	50
Electrón	-1	1	5.2997	1.33908	3.30471	68
Electrón	-1	1	9.15759	7.58027	8.71885	39
Electrón	-1	1	8.69451	4.05922	5.43066	60
Electrón	-1	1	0.635657	5.75798	0.905014	55
Electrón	-1	1	4.79594	7.58096	9.19893	45
Electrón	-1	1	4.50311	6.04188	6.2293	73
Electrón	-1	1	8.89564	3.45539	8.53519	57
Electrón	-1	1	2.6376	4.21849	9.78813	23
Electrón	-1	1	8.0942	5.08216	2.92612	66
Electrón	-1	1	4.00146	8.52477	6.37866	56
Electrón	-1	1	6.88487	8.30584	4.40244	63
Electrón	-1	1	8.02574	3.57426	0.402713	43
Electrón	-1	1	5.79884	3.10778	8.9207	51
Electrón	-1	1	6.84116	9.95258	2.53585	26
Electrón	-1	1	1.69454	3.20518	1.40639	61
Electrón	-1	1	3.49921	0.295021	1.52702	56
Electrón	-1	1	3.11048	8.70464	9.04825	35
Electrón	-1	1	8.15549	1.94363	6.51221	59
Electrón	-1	1	7.50069	6.51634	4.32789	62
Electrón	-1	1	2.00645	3.98146	3.8727	66
Electrón	-1	1	0.689865	6.60022	4.84007	64
Electrón	-1	1	3.32092	1.81232	3.33847	64
Electrón	-1	1	6.18008	7.24154	9.26756	45
Electrón	-1	1	8.69319	3.07593	5.57344	57
Electrón	-1	1	5.55172	1.51496	6.68037	60
Electrón	-1	1	7.30389	4.95289	0.784877	52
Electrón	-1	1	6.33774	1.08773	2.07076	64
Electrón	-1	1	5.9032	7.87753	6.95046	68
Electrón	-1	1	3.03028	4.123	1.26941	60
Electrón	-1	1	5.52447	2.34476	7.21175	60
Electrón	-1	1	8.40219	0.552615	1.91453	59
Electrón	-1	1	3.97867	2.06233	9.71313	40
Electrón	-1	1	4.4083	2.57641	9.4238	39
Electrón	-1	1	4.82479	1.15706	9.76241	38
Electrón	-1	1	1.23876	5.73822	0.369478	42
Electrón	-1	1	7.03634	2.19215	9.67059	33
Electrón	-1	1	8.90731	1.85768	8.83344	54
Electrón	-1	1	5.26637	4.77735	7.25284	60
Electrón	-1	1	1.44248	5.54137	5.91845	82
Electrón	-1	1	3.95897	1.96715	7.273	72
Electrón	-1	1	7.58846	4.89532	5.66672	62
Electrón	-1	1	3.92358	7.76638	3.9297	63
Electrón	-1	1	2.7142	1.32112	0.340072	49
Electrón	-1	1	6.50387	3.19276	7.97208	50
Electrón	-1	1	5.59342	3.23651	4.6364	49
Electrón	-1	1	6.85154	8.56145	3.83507	54
Electrón	-1	1	2.51584	1.0189	8.39367	62
Electrón	-1	1	4.86995	7.38933	8.563	62
Electrón	-1	1	6.94069	3.70754	6.39009	60
Electrón	-1	1	1.71291	6.62393	2.32738	58
Electrón	-1	1	4.40255	2.8922	6.31373	64
Electrón	-1	1	9.18576	1.81592	5.88332	42
Electrón	-1	1	7.75476	7.71283	0.793275	52
Electrón	-1	1	0.847964	3.15319	4.57572	70
Electrón	-1	1	2.24771	6.8705	9.26852	34
Electrón	-1	1	5.29911	7.39419	8.01049	66
Electrón	-1	1	2.90878	5.15319	4.09873	69
Electrón	-1	1	8.03053	3.56623	8.00135	55
Electrón	-1	1	2.0588	3.37549	8.28714	55
Electrón	-1	1	8.80484	6.93433	3.3952	65
Electrón	-1	1	2.26299	8.12698	1.25389	55
Electrón	-1	1	4.90504	2.35795	0.835198	59
Electrón	-1	1	5.62164	5.05707	4.43148	61
Electrón	-1	1	0.495714	3.35637	1.14078	58
Electrón	-1	1	4.2344	5.0769	3.14323	66
Electrón	-1	1	8.74968	4.49576	5.56408	63
Electrón	-1	1	0.0430368	5.04196	1.99993	59
Electrón	-1	1	4.13889	4.78442	2.30585	62
Electrón	-1	1	0.68269	2.54272	3.69448	71
Electrón	-1	1	8.32987	3.53961	9.13728	40
Electrón	-1	1	7.9681	5.2022	4.20583	66
Electrón	-1	1	7.66039	6.83038	2.05178	58
Electrón	-1	1	0.983003	4.57558	7.13802	79
Electrón	-1	1	1.23641	2.68672	0.707461	48
Electrón	-1	1	4.25152	1.82187	8.5773	65
Electrón	-1	1	7.17587	9.78104	0.533514	25
Electrón	-1	1	8.71115	3.78248	9.78461	35
Electrón	-1	1	4.25295	6.98263	8.4098	61
Electrón	-1	1	7.93053	1.54086	5.87289	57
Electrón	-1	1	9.76892	7.30915	4.46226	33
Electrón	-1	1	9.21831	9.23805	9.30786	18
Electrón	-1	1	8.44664	0.175206	4.48541	52
Electrón	-1	1	0.0912789	3.21599	4.78743	73
Electrón	-1	1	2.13897	3.63567	4.54461	67
Electrón	-1	1	4.24031	5.68102	3.35781	63
Electrón	-1	1	6.27144	8.86842	9.89226	35
Electrón	-1	1	2.59611	7.46834	5.4196	76
Electrón	-1	1	4.08837	2.51435	7.7824	67
Electrón	-1	1	2.88622	2.78038	6.40923	64
Electrón	-1	1	7.93092	6.60268	6.60073	56
Electrón	-1	1	3.44446	4.25242	1.26199	61
Electrón	-1	1	5.88051	6.07116	9.63156	28
Electrón	-1	1	0.290495	9.30552	1.92277	41
Electrón	-1	1	5.45224	6.68893	5.94193	69
Electrón	-1	1	7.91857	4.32848	2.32832	68
Electrón	-1	1	8.58467	6.33296	3.96192	55
Electrón	-1	1	2.89344	2.97851	6.37554	63
Electrón	-1	1	2.72777	1.58665	1.78386	60
Electrón	-1	1	1.60226	5.55467	9.51432	32
Electrón	-1	1	5.15331	1.49066	8.80083	57
Electrón	-1	1	5.83321	5.0559	2.54742	62
Electrón	-1	1	8.50877	8.46934	6.79197	46
Electrón	-1	1	0.186965	2.41836	2.05697	59
Electrón	-1	1	4.89935	1.67273	1.11529	66
Electrón	-1	1	4.97714	8.43401	4.0239	56
Electrón	-1	1	2.77691	1.58496	1.64248	60
Electrón	-1	1	9.86876	3.14379	9.26389	31
Electrón	-1	1	4.71559	1.7103	2.99406	66
Electrón	-1	1	6.47535	7.66314	8.43158	57
Electrón	-1	1	8.83451	6.90775	0.574977	43
Electrón	-1	1	1.60905	4.46166	3.87543	68
Electrón	-1	1	0.48914	7.35481	6.10508	75
Electrón	-1	1	6.7608	8.78137	8.03876	51
Electrón	-1	1	8.07149	9.30047	1.08926	32
Electrón	-1	1	7.94324	9.0909	5.43676	41
Electrón	-1	1	2.11021	5.30457	8.26584	47
Electrón	-1	1	8.11979	0.643951	7.45435	60
Electrón	-1	1	8.88301	6.46404	1.62274	53
Electrón	-1	1	5.07974	5.01598	6.92865	66
Electrón	-1	1	4.87552	9.69522	0.383626	20
Electrón	-1	1	0.377794	8.45503	6.01171	67
Electrón	-1	1	8.29403	2.93999	3.62126	65
Electrón	-1	1	8.28526	1.56863	9.26066	36
Electrón	-1	1	0.28111	9.24049	9.37958	23
Electrón	-1	1	0.0473025	4.74896	8.64098	65
Electrón	-1	1	5.1281	5.54094	5.18758	76
Electrón	-1	1	9.89463	3.42992	4.79023	28
Electrón	-1	1	5.74264	0.647226	1.44999	58
Electrón	-1	1	0.218156	5.08137	2.56899	59
Electrón	-1	1	8.14338	4.09694	3.32765	67
Electrón	-1	1	6.45001	6.21876	0.109808	43
Electrón	-1	1	7.94997	8.29087	4.058	63
Electrón	-1	1	9.38243	1.35735	6.83923	40
Electrón	-1	1	5.51997	7.19944	3.30293	54
Electrón	-1	1	1.54535	3.05328	8.34953	54
Electrón	-1	1	9.8502	5.28534	6.27317	38
Electrón	-1	1	5.71506	7.94586	8.55751	60
Electrón	-1	1	2.9606	6.66941	3.54386	64
Electrón	-1	1	0.852161	0.0601244	4.17808	58
Electrón	-1	1	9.8729	2.21905	7.83816	39
Electrón	-1	1	6.61097	6.62471	9.92881	32
Electrón	-1	1	3.97143	0.337074	6.51083	68
Electrón	-1	1	4.79827	5.42948	8.64363	49
Electrón	-1	1	1.39403	2.00684	2.96424	63
Electrón	-1	1	6.63664	9.80784	6.88729	32
Electrón	-1	1	5.59955	5.05553	2.54856	62
Electrón	-1	1	6.57446	4.40504	2.67074	64
Electrón	-1	1	4.73219	9.91697	6.13089	32
Electrón	-1	1	1.7093	5.48146	6.60785	70
Electrón	-1	1	6.96591	8.93108	9.63079	31
Electrón	-1	1	0.00980065	5.16192	5.20008	69
Electrón	-1	1	6.55073	9.11033	2.84913	40
Electrón	-1	1	3.08502	6.59489	2.94255	64
Electrón	-1	1	2.76326	7.88565	5.6157	75
Electrón	-1	1	4.68337	4.43407	6.00373	69
Electrón	-1	1	7.4901	3.55543	7.67255	55
Electrón	-1	1	2.52588	6.30821	6.20896	80
Electrón	-1	1	3.87232	9.81021	6.62984	35
Electrón	-1	1	8.071	9.04662	1.59919	37
Electrón	-1	1	7.48364	1.38141	6.9006	59
Electrón	-1	1	4.32805	4.20652	4.47579	62
Electrón	-1	1	7.24013	3.75576	0.0878995	42
Electrón	-1	1	5.0469	0.198125	1.48572	53
Electrón	-1	1	5.5415	4.36955	2.08258	58
Electrón	-1	1	1.32281	7.27996	5.09273	75
Electrón	-1	1	4.98402	9.46753	9.9753	21
Electrón	-1	1	9.50128	1.9011	8.29454	37
Electrón	-1	1	2.06583	9.9736	8.23194	28
Electrón	-1	1	9.701	9.79106	7.58841	19
Electrón	-1	1	1.62431	7.81944	5.92788	75
Electrón	-1	1	6.87072	6.87342	0.132006	46
Electrón	-1	1	3.94969	4.95482	3.70284	64
Electrón	-1	1	1.84044	3.97499	6.94993	67
Electrón	-1	1	9.66787	7.66274	3.61191	37
Electrón	-1	1	8.02531	1.2952	3.24817	57
Electrón	-1	1	6.99203	8.21864	6.03657	61
Electrón	-1	1	1.11383	6.43248	1.77865	53
Electrón	-1	1	9.19271	2.67536	8.43354	49
Electrón	-1	1	7.07666	1.08923	3.62086	60
Electrón	-1	1	4.43394	0.888302	4.29555	65
Electrón	-1	1	7.89059	4.88486	6.81448	62
Electrón	-1	1	1.31638	9.9869	5.90218	38
Electrón	-1	1	8.46934	4.10203	3.64174	73
Electrón	-1	1	1.80485	5.03324	5.97691	74
Electrón	-1	1	0.186271	5.19319	8.10195	70
Electrón	-1	1	8.63616	3.75521	2.46819	57
Electrón	-1	1	2.24368	5.07971	4.95138	68
Electrón	-1	1	5.6003	7.11656	8.51414	58
Electrón	-1	1	5.31393	6.94092	0.747167	46
Electrón	-1	1	6.03967	3.17314	9.50341	30
Electrón	-1	1	3.00237	9.43801	6.81772	39
Electrón	-1	1	9.6515	6.3102	7.58261	41
Electrón	-1	1	3.70675	6.90638	0.240693	44
Electrón	-1	1	1.30541	8.37185	8.6609	51
Electrón	-1	1	5.11422	1.28035	6.09857	66
Electrón	-1	1	8.16622	1.86635	8.33699	59
Electrón	-1	1	2.15493	7.0884	4.99609	76
Electrón	-1	1	8.21607	5.73618	9.2273	33
Electrón	-1	1	8.62481	5.14853	5.68466	57
Electrón	-1	1	7.31603	3.08998	0.712146	49
Electrón	-1	1	8.97234	7.9962	8.71992	47
Electrón	-1	1	2.53289	8.73021	1.57304	51
Electrón	-1	1	1.63993	6.79629	2.88503	63
Electrón	-1	1	8.62744	2.83614	5.86687	60
Electrón	-1	1	7.1124	8.29277	9.97277	29
Electrón	-1	1	8.13894	2.50973	6.43774	58
Electrón	-1	1	2.37162	8.52151	3.0882	63
Electrón	-1	1	2.23784	3.40447	0.563618	48
Electrón	-1	1	5.61605	9.92621	3.63246	30
Electrón	-1	1	2.42916	2.53327	7.80559	63
Electrón	-1	1	9.19858	9.91381	1.40003	21
Electrón	-1	1	7.94995	7.11582	8.04912	56
Electrón	-1	1	3.71671	9.15419	5.60378	42
Electrón	-1	1	5.05411	4.82449	9.48961	30
Electrón	-1	1	8.94871	6.37348	1.1045	50
Electrón	-1	1	7.83095	2.46802	4.08971	63
Electrón	-1	1	2.76375	0.636436	1.05142	60
Electrón	-1	1	6.32825	0.333429	8.43767	48
Electrón	-1	1	0.960196	9.5079	1.59553	35
Electrón	-1	1	8.44229	7.65905	1.94964	57
Electrón	-1	1	7.26451	5.53416	5.5258	57
Electrón	-1	1	2.87647	8.43114	4.09631	61
Electrón	-1	1	8.46118	5.05392	4.8555	67
Electrón	-1	1	0.459336	3.36136	9.97832	32
Electrón	-1	1	9.78716	8.52668	2.80983	33
Electrón	-1	1	0.769003	6.4842	5.04049	66
Electrón	-1	1	5.41297	2.8181	2.17497	64
Electrón	-1	1	1.97313	5.19706	5.25934	77
Electrón	-1	1	3.30957	0.264686	8.18773	68
Electrón	-1	1	5.80589	8.82111	5.33582	54
Electrón	-1	1	9.51865	7.2508	6.27526	37
Electrón	-1	1	1.90236	7.51226	9.60452	30
Electrón	-1	1	5.53041	5.17819	8.51686	50
Electrón	-1	1	7.55011	0.440167	1.80179	63
Electrón	-1	1	3.78088	7.62132	6.56476	66
Electrón	-1	1	6.14639	5.23486	3.65403	66
Electrón	-1	1	0.463172	3.11382	3.20681	71
Electrón	-1	1	6.93173	8.33468	4.26498	59
Electrón	-1	1	5.31742	9.75606	1.2744	23
Electrón	-1	1	0.0601813	1.12271	7.54136	68
Electrón	-1	1	4.68678	2.07854	2.55682	68
Electrón	-1	1	5.98403	7.23288	8.02425	60
Electrón	-1	1	1.47266	1.32452	2.61936	67
Electrón	-1	1	1.93098	5.20982	4.53979	70
Electrón	-1	1	6.40049	7.72214	1.29621	52
Electrón	-1	1	4.72184	1.36937	6.80902	67
Electrón	-1	1	7.3013	4.56265	3.95477	68
Electrón	-1	1	8.00257	0.225178	7.33572	52
Electrón	-1	1	0.98823	9.12381	7.3817	46
Electrón	-1	1	2.00086	0.218182	5.42778	55
Electrón	-1	1	2.79779	1.93179	8.75984	62
Electrón	-1	1	6.56427	7.02018	5.55128	62
Electrón	-1	1	4.29894	5.20365	5.73992	72
Electrón	-1	1	0.0362183	3.11336	0.727897	51
Electrón	-1	1	2.69225	4.81479	3.91877	69
Electrón	-1	1	7.25566	3.27166	1.31267	58
Electrón	-1	1	5.04442	8.61993	7.65994	58
Electrón	-1	1	2.21567	5.6454	3.28848	66
Electrón	-1	1	0.968115	4.20953	6.4823	68
Electrón	-1	1	9.30846	4.94494	5.946	44
Electrón	-1	1	7.45254	5.52037	2.73646	71
Electrón	-1	1	9.98696	3.52705	8.03345	38
Electrón	-1	1	8.55904	7.22157	7.29819	56
Electrón	-1	1	5.44961	6.06707	2.16527	60
Electrón	-1	1	0.0291787	7.88935	7.78353	63
Electrón	-1	1	1.4735	7.24142	1.48874	56
Electrón	-1	1	7.87461	8.67993	3.59601	60
Electrón	-1	1	4.83622	8.47875	9.75042	32
Electrón	-1	1	2.51112	7.59342	6.96592	65
Electrón	-1	1	4.5854	1.78255	5.24117	65
Electrón	-1	1	6.15644	3.56874	8.89474	46
Electrón	-1	1	1.11611	9.45448	9.01893	24
Electrón	-1	1	0.961134	6.41191	7.86259	60
Electrón	-1	1	3.72401	9.83291	7.0309	31
Electrón	-1	1	0.286958	1.31739	4.16275	58
Electrón	-1	1	9.65642	3.79502	1.16436	28
Electrón	-1	1	6.68581	7.40441	7.45591	58
Electrón	-1	1	7.67394	7.04454	2.28749	59
Electrón	-1	1	5.01961	5.92715	1.77969	57
Electrón	-1	1	9.52835	5.4428	1.52835	29
Electrón	-1	1	3.06159	9.6881	0.650867	25
Electrón	-1	1	8.35311	4.04721	3.48343	71
Electrón	-1	1	0.969238	8.00374	9.90753	25
Electrón	-1	1	1.06356	6.42712	5.31754	77
Electrón	-1	1	1.34252	0.0696206	7.22984	61
Electrón	-1	1	5.13416	9.33728	2.82836	37
Electrón	-1	1	6.73759	3.05591	1.84253	62
Electrón	-1	1	3.01694	2.43818	2.3716	60
Electrón	-1	1	1.59664	1.71055	3.84783	65
Electrón	-1	1	7.31186	9.33782	5.1815	39
Electrón	-1	1	4.73825	9.91773	3.85722	31
Electrón	-1	1	5.60385	1.32229	0.998177	59
Electrón	-1	1	3.67243	7.03522	8.31695	56
Electrón	-1	1	0.79457	9.2915	3.95723	38
Electrón	-1	1	3.45694	9.33704	8.10854	34
Electrón	-1	1	7.17376	4.89871	1.25035	64
Electrón	-1	1	9.72169	1.06415	8.91206	33
Electrón	-1	1	2.53337	9.97287	8.79548	26
Electrón	-1	1	0.711818	4.09044	0.137425	47
Electrón	-1	1	4.99831	4.67449	6.43589	69
Electrón	-1	1	9.58377	3.14545	1.48641	30
Electrón	-1	1	3.83033	7.80103	2.14007	58
Electrón	-1	1	5.98094	2.35297	5.16312	55
Electrón	-1	1	0.771927	7.07755	2.18651	60
Electrón	-1	1	2.14551	2.2475	8.8981	60
Electrón	-1	1	8.21614	8.20481	4.10894	58
Electrón	-1	1	2.90245	7.35283	4.21932	65
Electrón	-1	1	1.84816	4.88239	4.62179	71
Electrón	-1	1	4.60169	0.376749	7.53889	66
Electrón	-1	1	0.754074	6.04303	4.36267	67
Electrón	-1	1	0.831637	0.931896	1.72525	62
Electrón	-1	1	2.08341	4.55305	0.525078	52
Electrón	-1	1	0.917247	3.81816	3.89288	68
Electrón	-1	1	8.57787	0.607675	3.51386	55
Electrón	-1	1	1.90754	1.83287	5.45698	57
Electrón	-1	1	5.26969	7.60498	0.986577	46
Electrón	-1	1	5.39312	5.50916	4.14683	64
Electrón	-1	1	0.341003	2.92699	9.11985	53
Electrón	-1	1	4.83168	2.13578	9.30554	39
Electrón	-1	1	7.56682	0.964825	6.60936	60
Electrón	-1	1	5.31353	8.41148	3.38021	54
Electrón	-1	1	8.64649	7.5227	5.83449	58
Electrón	-1	1	0.730507	6.02927	8.492	60
Electrón	-1	1	7.86594	2.20236	3.53266	61
Electrón	-1	1	2.55105	7.92246	9.08051	34
Electrón	-1	1	1.01309	0.83629	0.948825	58
Electrón	-1	1	9.63965	3.25401	6.96404	43
Electrón	-1	1	0.626601	0.783302	9.58888	31
Electrón	-1	1	0.664375	6.5675	0.301042	46
Electrón	-1	1	3.5558	1.69615	4.63195	59

